Time,KineticEnergy,SolenoidalDissipation,DilatationalDissipation
0.0005,,,
0.05,0.12498944660982639,0.00046894959309473974,5.935963380048188e-07
0.1,0.12500389985618787,0.00046970380472839967,2.2903526428986567e-06
0.15,0.12504117993179678,0.0004710342910538026,4.861754393042841e-06
0.2,0.1250980464473615,0.00047295597540814065,7.974541463526117e-06
0.25,0.1251706538702607,0.00047547980429918813,1.124605349131045e-05
0.3,0.1252550938604552,0.00047860437033988456,1.4312723734509983e-05
0.35,0.12534794494444157,0.00048230802929531295,1.6899706757644795e-05
0.4,0.12544672871064458,0.00048654396044819773,1.8873586421846216e-05
0.45,0.12555017154353326,0.0004912404732789355,2.02613751669043e-05
0.5,0.1256581889237739,0.00049630759409536,2.123032405988845e-05
0.55,0.12577155568485612,0.0005016486977675882,2.2038358075574174e-05
0.6,0.12589129564910936,0.0005071739155870427,2.2972674639409136e-05
0.65,0.12601789413826178,0.000512811601619316,2.4290799952546715e-05
0.7,0.1261505014100355,0.0005185152559826608,2.617113436536946e-05
0.75,0.1262863478003148,0.0005242651891797669,2.8676661129277424e-05
0.8,0.12642059542804834,0.0005300658880969056,3.173756123402897e-05
0.85,0.1265467864764376,0.0005359405168891429,3.516236004856601e-05
0.9,0.12665789894178003,0.0005419241705627956,3.868581023887007e-05
0.95,0.12674779791725693,0.0005480570774929463,4.204923894294715e-05
1.0,0.1268126320891132,0.0005543785148642558,4.508757181605149e-05
1.05,0.12685167226312985,0.0005609218647988174,4.778263177205435e-05
1.1,0.12686728484620877,0.0005677109944006121,5.025364038566565e-05
1.15,0.12686411135841452,0.0005747578672881206,5.269088793910066e-05
1.2,0.1268479006487286,0.0005820611820542533,5.527296068941234e-05
1.25,0.1268245464692609,0.0005896059058548131,5.811990289242301e-05
1.3,0.12679964890606757,0.0005973637187738445,6.131018073420395e-05
1.35,0.12677851580100458,0.0006052947941827118,6.494311421736402e-05
1.4,0.12676623550844984,0.0006133513045203544,6.919621586496895e-05
1.45,0.12676750625158786,0.0006214829546820923,7.434323325384665e-05
1.5,0.12678615365374907,0.0006296439364300776,8.074690953322674e-05
1.55,0.12682449100446053,0.00063780057046706,8.885075704556213e-05
1.6,0.12688272486889082,0.0006459378145133108,9.918527750847154e-05
1.65,0.1269585996245054,0.0006540626947270395,0.00011237043629143384
1.7,0.12704745045357535,0.0006622036709720543,0.0001290011107046328
1.75,0.1271427014182855,0.0006704060720211129,0.00014940889338827004
1.8,0.12723736767725582,0.0006787272711720365,0.0001736367229083741
1.85,0.12732479351728557,0.0006872320067957962,0.00020063336259715616
1.9,0.12739994117166392,0.0006960026538434448,0.00023176638089651103
1.95,0.12745636995398638,0.0007051028055912594,0.0002622162835387599
2.0,0.1274951129653119,0.0007146350751713263,0.0002923223949284243
2.05,0.12751429906065279,0.0007247353198367024,0.0003288011871689207
2.1,0.12750666173863576,0.0007353762360630646,0.0003515641354438269
2.15,0.12749160664049183,0.000746747589108202,0.0003844594776782115
2.2,0.12745134468264696,0.0007588016196233455,0.00041185096905758906
2.25,0.12739643068060638,0.0007716653527611777,0.00042649913910961217
2.3,0.12734206236644513,0.0007853798289460448,0.0004599131132156422
2.35,0.12725729244521564,0.0007997208567342616,0.0004685980607615324
2.4,0.12717718724899188,0.0008151460077321274,0.00048304791183225164
2.45,0.1270902513209104,0.0008310931762767848,0.0005054568297032618
2.5,0.12698267965454557,0.0008478597191355278,0.0005024336568347122
2.55,0.12689221158948485,0.0008656353280804364,0.0005165255122446418
2.6,0.12679090021678388,0.000883442403967209,0.0005203199694988253
2.65,0.12669285399858807,0.000902239964471636,0.0005123816272087469
2.7,0.12661851548056194,0.0009214005591834826,0.0005279353541019967
2.75,0.12653519037067804,0.0009403344572328897,0.0005066823355828831
2.8,0.126488080241226,0.0009602687102587246,0.0005155071302489704
2.85,0.1264444757454228,0.0009794511849043138,0.0005027032800134337
2.9,0.12642806834375356,0.0009992243156517083,0.0004958919331011372
2.95,0.12642740452342846,0.0010187079338707212,0.0004905073479296217
3.0,0.12644585229105906,0.0010379980258510748,0.00047341945931271665
3.05,0.12648068003865898,0.0010576173911905956,0.00046679088448890174
3.1,0.12653563014730979,0.0010773646243796115,0.00045520854638758835
3.15,0.12659466920115214,0.0010974498084530336,0.0004313325301542798
3.2,0.12668734895398984,0.001118892637434543,0.0004435158340730152
3.25,0.12676567223103194,0.0011402362482613962,0.000393445218339409
3.3,0.12688787961057488,0.0011641244082886044,0.0004254678148188689
3.35,0.12699421997475932,0.0011879061583132506,0.0003878292596968303
3.4,0.12711972244194014,0.001213961221471698,0.00038901335738467655
3.45,0.12725420671843712,0.0012413708440633334,0.0004006673570584287
3.5,0.1273699330148318,0.0012701097555204884,0.00036970516799511376
3.55,0.1275006492177081,0.0013006460515779077,0.00039172785217178477
3.6,0.1276055528422597,0.0013327503722648732,0.0003773752018654049
3.65,0.12770269087123112,0.0013657213344281007,0.000381044905350599
3.7,0.1277801656004152,0.001400136714391388,0.0003820117049845078
3.75,0.1278302340012647,0.0014347654922649766,0.0003716326009998352
3.8,0.12786127599588204,0.0014698607610268018,0.00037582963138376113
3.85,0.1278566717892913,0.0015050183835579884,0.00036350204285743405
3.9,0.12782633824200398,0.001540020346805986,0.00036019385990506737
3.95,0.12776374820316505,0.001575261193649876,0.00035095088056308316
4.0,0.12767273185532368,0.001610533671766161,0.0003388643868478757
4.05,0.127560744628412,0.001646215148051658,0.00033146816589288566
4.1,0.12742900006747926,0.0016823982321500879,0.0003188298020866893
4.15,0.1272866979995586,0.0017191807659968214,0.00030951621312513394
4.2,0.12713796196504396,0.001756818799176518,0.00030229140078561894
4.25,0.12698498988236714,0.0017953746003525773,0.00029223740561376994
4.3,0.1268333823887839,0.001834989480133636,0.00028799037736180544
4.35,0.1266822383240867,0.0018757281979802712,0.0002838777075245021
4.4,0.12653093499797238,0.0019175194588944868,0.0002807559312642693
4.45,0.12637850839566736,0.001960312981135527,0.0002819005801865733
4.5,0.12622044832590892,0.0020039762054864354,0.0002839615609276174
4.55,0.12605284403590497,0.0020483055407348513,0.0002874276193671261
4.6,0.125872640814367,0.0020932049590162254,0.00029479853647497694
4.65,0.12567568337807533,0.0021385547099763967,0.0003032359379345687
4.7,0.12546037102181506,0.002184284818899436,0.0003128666633434977
4.75,0.12522699673611232,0.0022304194463158684,0.00032507547107726766
4.8,0.1249764743254782,0.002277024794043226,0.00033811645703656074
4.85,0.12471054044226108,0.002324211631498825,0.00035150541069164107
4.9,0.12443093498049224,0.0023719653718644487,0.00036552038833312877
4.95,0.12413900149799528,0.002420256759704116,0.0003789834757537249
5.0,0.12383627989229365,0.0024691197094292485,0.0003910992641228249
5.05,0.12352490175321956,0.0025186142820203075,0.0004011402663361174
5.1,0.12320670597645299,0.0025691089596944754,0.00041051348858475484
5.15,0.12288311041108986,0.002620370433905262,0.0004183482195707026
5.2,0.12255413375189071,0.0026730159745425772,0.0004247972168843376
5.25,0.12221985470321059,0.002726699921722903,0.0004311124990746311
5.3,0.12187999443036342,0.0027815866537960307,0.00043528622773556934
5.35,0.12153534502709325,0.00283820581732578,0.00044096390615920404
5.4,0.12118542511851081,0.0028963007304133944,0.0004445644974230064
5.45,0.12083048839097392,0.0029559433678680823,0.0004483967534855118
5.5,0.12047145770596618,0.0030175207189044994,0.0004543499323619776
5.55,0.1201090598838276,0.003081222740792343,0.00046178118286042334
5.6,0.1197447342685448,0.0031466951543769927,0.0004701417218439689
5.65,0.11938066095894337,0.0032133271398350344,0.0004795979799173937
5.7,0.1190191979694294,0.003280689833399869,0.0004893367378292746
5.75,0.11866289405404415,0.0033484656788800716,0.0004994871552238522
5.8,0.1183139982506401,0.003416941497793924,0.0005106462568305283
5.85,0.11797444856889194,0.003486451324263857,0.0005232686166249519
5.9,0.11764584617393997,0.0035574360165406224,0.0005378663802111288
5.95,0.11732911127658438,0.003630700268178437,0.0005554447303415549
6.0,0.1170250579125788,0.003706067771810653,0.0005741262704520432
6.05,0.11673540627425033,0.0037837880712422787,0.0005926291415926994
6.1,0.11646240650730985,0.003866524438286362,0.00061311727603231
6.15,0.11620867055777263,0.003954224289424554,0.0006327720490792015
6.2,0.11597617814055473,0.004045433992642941,0.0006475757847910766
6.25,0.11576438313516857,0.004139512391301697,0.0006570910754617101
6.3,0.11557112732549438,0.004236795702929987,0.000663215619691704
6.35,0.11539192731454129,0.0043353382570439835,0.0006632520705475506
6.4,0.11522008444857697,0.004433156672451983,0.0006590706254490249
6.45,0.11504744035292294,0.004529178481742483,0.0006547005476839034
6.5,0.11486642141996661,0.004622441109965341,0.0006572201049004349
6.55,0.11467257738978529,0.004711909979167025,0.000661743894373619
6.6,0.11446327446283398,0.004798002587438001,0.0006565510654729538
6.65,0.11423499123875583,0.004882575175352118,0.000644902492432257
6.7,0.11398283933537068,0.004964752523636987,0.0006312950745745125
6.75,0.11370425508822313,0.005043011915031342,0.0006182887624797923
6.8,0.11339830875654343,0.005116968953450875,0.0006058689177545632
6.85,0.11306626458076267,0.005186843802808373,0.0005958062080293993
6.9,0.112710405547211,0.00525246315976471,0.0005890129564748254
6.95,0.11233434444703763,0.0053145303194055025,0.000583976827703207
7.0,0.11194254942122756,0.005375865860568831,0.0005792190244382008
7.05,0.11154092721010864,0.0054403182679582255,0.0005717708082043414
7.1,0.11113678832119611,0.005509461694151778,0.000558962555496646
7.15,0.11073665826255849,0.005584262656971135,0.0005383709135066075
7.2,0.11034527959761727,0.0056648605326635165,0.0005086535347329529
7.25,0.10996492647612598,0.005751326772343218,0.0004791981418235865
7.3,0.10959207370157756,0.0058435450427161435,0.0004605231662643345
7.35,0.1092204841565756,0.005940354214690271,0.0004472930292481326
7.4,0.10884999458211657,0.006040567486494993,0.00043125259665515895
7.45,0.1084843180924974,0.006142885431565539,0.0004113608660750001
7.5,0.1081257776263772,0.006246786011430499,0.0003929611197410236
7.55,0.1077768580158359,0.006353353829260585,0.00037979113145271496
7.6,0.10743943820850224,0.006463264927415074,0.0003714226583628379
7.65,0.1071137564554178,0.006575249212113809,0.0003640543442466211
7.7,0.10679940484048614,0.006687032939408135,0.00035704460330762553
7.75,0.10649431135612103,0.0067973498403167696,0.00034918038354477454
7.8,0.10619718855139634,0.006906829040374008,0.0003413962199054013
7.85,0.1059078087321131,0.007017438017255167,0.00033397423455628294
7.9,0.10562486223340713,0.007131013518808028,0.0003282113157143186
7.95,0.10534429701802296,0.007245016326787994,0.00032313117209041055
8.0,0.10505974839109711,0.007351295084496803,0.00031935414548601174
8.05,0.10476378877044999,0.007437639583644751,0.0003164747426085391
8.1,0.10444831460244398,0.007494799812833069,0.00031439916497696344
8.15,0.10410594598546338,0.00753093298114912,0.0003125704488613745
8.2,0.10373174889355233,0.0075623061847009615,0.0003094083453888482
8.25,0.10332455574716955,0.007596807630559701,0.00030546540772245914
8.3,0.10288399375007552,0.007631386723407097,0.0003016671448947844
8.35,0.10241041469531328,0.0076630061796977835,0.00029834013491147535
8.4,0.1019075663651001,0.007689494432201381,0.0002963967932692241
8.45,0.10138349981467128,0.007713876227501686,0.0002963646713496524
8.5,0.10084797128288613,0.007741713968899544,0.0002978549692465069
8.55,0.10030960225544164,0.007777948595984329,0.0002998126845402671
8.6,0.09977395635785265,0.007825969758692163,0.00030128722001326
8.65,0.09924375063039982,0.007886816164576276,0.0003009698934985217
8.7,0.09872001549437519,0.007958899505519394,0.00029867158944091516
8.75,0.09820190398795053,0.008042446778447968,0.0002940782837754329
8.8,0.0976877776343517,0.00814033197466686,0.00028656950415484843
8.85,0.09717610017737542,0.008253318354131994,0.00027859424945565785
8.9,0.09666410805953328,0.008377863053389714,0.00027166068622719823
8.95,0.09615042717686485,0.008506271173088758,0.0002651277125999598
9.0,0.09564022593939868,0.00863181040177061,0.0002584079729007279
9.05,0.09514223239518951,0.008750515100159402,0.00025128990202581296
9.1,0.09466308699214629,0.008858377557104898,0.0002450984078537938
9.15,0.09420437096159033,0.00895098679984034,0.00024125292675839403
9.2,0.09376124713392049,0.00902625378534344,0.00023981478086526167
9.25,0.093324523707267,0.009085135046916876,0.00023913972692350552
9.3,0.09288750281313839,0.009129988743111373,0.00023839861968891345
9.35,0.09245042544748457,0.009164512269339519,0.0002383237502778136
9.4,0.09201824624598798,0.009193736012217608,0.00024035934899071065
9.45,0.09159238030609414,0.009219643283386543,0.00024406100764316974
9.5,0.09116702876584572,0.009240438592726047,0.00024687380705951497
9.55,0.09073370343373337,0.00925257052007321,0.00024569113734054543
9.6,0.09028776269377899,0.009250474840533263,0.00024051014433602118
9.65,0.08982956808314002,0.009234376257914796,0.00023259039398350705
9.7,0.08936469556375021,0.009212791908372481,0.00022201803963599288
9.75,0.08889895089274284,0.009195352293071394,0.00021290132804691584
9.8,0.08842905881347632,0.00918364213990805,0.00020726079645834816
9.85,0.08794260861476585,0.009172903807992011,0.00020217515673193252
9.9,0.08743128404328192,0.00916028664943085,0.00019310047530785642
9.95,0.0869070321920186,0.009153906842351234,0.00018604637040905636
10.0,0.08639112732149937,0.009162308406840841,0.00018519627424275876
10.05,0.08589557993944738,0.009185742013881573,0.0001873352066192308
10.1,0.08542105911782491,0.009220727060355805,0.00018618748709627614
10.15,0.08496821813353653,0.009258813353198258,0.00018085349416884723
10.2,0.0845408749118108,0.009294675010659833,0.00017491929883991426
10.25,0.08413975798152544,0.009326325418874836,0.0001703532799928212
10.3,0.08376154035769554,0.009350660203108837,0.00016696132551859995
10.35,0.08340275804907735,0.009365499074650481,0.0001653057968562677
10.4,0.08305852437650942,0.00937225629954608,0.00016421396614375142
10.45,0.08272058856139974,0.009374110047576587,0.00016076976226456468
10.5,0.08238103500169434,0.009371124978730763,0.00015647312932142845
10.55,0.08203229127711607,0.00936627542584603,0.0001540117318838685
10.6,0.081664313594773,0.009365500514950487,0.0001527459484068419
10.65,0.08126913325438008,0.009369701204349866,0.00015180360665351716
10.7,0.080845001059623,0.00937840715641243,0.0001491770729076045
10.75,0.08039714358755566,0.009399131049450962,0.00014388354216452728
10.8,0.07993245813047639,0.009439547831282804,0.00013829463716174734
10.85,0.07945173476882138,0.009496642980783107,0.00013447973565809093
10.9,0.0789513764796116,0.009562438869550584,0.00013144797119777756
10.95,0.07842885175654847,0.009634934561881497,0.00012862169867058502
11.0,0.07788326587811573,0.009710517914519476,0.00012761727776700653
11.05,0.07731592130923619,0.009780145879458507,0.0001282687282446685
11.1,0.0767336835714478,0.009838446841701046,0.0001289005119658464
11.15,0.07614805660506965,0.009891890935721957,0.00012793253595243885
11.2,0.07557030905328753,0.009946842347838075,0.00012633441842811974
11.25,0.07500567161896854,0.010001218870012658,0.0001251260082648855
11.3,0.07445160699049892,0.01004869996232254,0.00012357604175165004
11.35,0.07390498241810549,0.010085780320516926,0.00012116668246376147
11.4,0.07336849987186057,0.010115639127053731,0.00011878907276738923
11.45,0.07284772924524116,0.010141885363049994,0.00011799669539294336
11.5,0.07234520764555556,0.010164590800610704,0.00011768738846067083
11.55,0.07186068899695952,0.010182671266163377,0.00011574244758979753
11.6,0.07139552895178686,0.01019558313202746,0.00011397002461806301
11.65,0.07095116956558442,0.010201221257184078,0.00011522860175768126
11.7,0.0705225435334446,0.010192544630662506,0.00011731932992179357
11.75,0.07010148784893533,0.010169263842866363,0.00011832608794714295
11.8,0.06968167461412249,0.010135655794697043,0.00011847162339278848
11.85,0.06926149116042186,0.010097099520968471,0.0001179974869024089
11.9,0.06884171335937002,0.010060577103024888,0.00011770694679032945
11.95,0.0684207789129636,0.010028163165005998,0.00011635233580253442
12.0,0.06799630564945852,0.010001389287422415,0.0001131443609396417
12.05,0.06756450534009095,0.00997728503042982,0.00010864026062035303
12.1,0.06712173103554359,0.00994627791552635,0.00010621127605562399
12.15,0.06666652131524085,0.009900737143747566,0.00010567998978709129
12.2,0.06619999215368122,0.009842554615712923,0.00010474210970864655
12.25,0.06572472003785243,0.009775931055370831,0.0001036307193357477
12.3,0.06524132566689535,0.009700522016223005,0.00010358263110997423
12.35,0.0647468481470838,0.009616331214035717,0.00010408943199876495
12.4,0.0642378586801048,0.009526182530401519,0.00010437928876273867
12.45,0.06371322777835643,0.009431886860391585,0.0001037805125940032
12.5,0.06317743485174217,0.009335783929955847,0.00010170476318030361
12.55,0.06264018388706546,0.009241182021405742,9.85705516830027e-05
12.6,0.062111197408138634,0.009150002307497877,9.599601425126959e-05
12.65,0.061593994507418204,0.009061370073635472,9.419395733467186e-05
12.7,0.06108768230891487,0.008974030578312739,9.206402190495745e-05
12.75,0.060592383799025804,0.008888036684411014,9.017586867759382e-05
12.8,0.060108862115042225,0.008803989008811866,8.865969291075589e-05
12.85,0.05963777765146848,0.008722600762004911,8.685891753606967e-05
12.9,0.0591798702701756,0.008645112387356668,8.612783697622513e-05
12.95,0.058730866475274396,0.008572405182154474,8.654306995876328e-05
13.0,0.05828235830869383,0.008504166189602867,8.6774028593472e-05
13.05,0.057827367925314885,0.00843857552647461,8.668444095239002e-05
13.1,0.05736277300986209,0.008373833811440365,8.631055535159286e-05
13.15,0.056889129746341534,0.00830901580927956,8.570575327581359e-05
13.2,0.05641013680626663,0.008243507662037063,8.484972695785311e-05
13.25,0.05593174231503811,0.008176305894684396,8.385096618118182e-05
13.3,0.05546098816618009,0.008106706094804763,8.364594502951104e-05
13.35,0.055003576886732505,0.008035528159004685,8.403401739151245e-05
13.4,0.05456444993478356,0.007964648376262687,8.485439575063898e-05
13.45,0.05414743475088033,0.007895579114160271,8.669640968323963e-05
13.5,0.053751826974690255,0.007828549583412874,8.881838787697369e-05
13.55,0.053372835977359416,0.007762674103694232,8.992695078376268e-05
13.6,0.05300548007228181,0.007696938848163444,8.967918889806602e-05
13.65,0.052647333939409444,0.00763157209124977,8.86305623569228e-05
13.7,0.05229749708649085,0.007567004748469514,8.742450643231963e-05
13.75,0.051954208291238646,0.007502008988292853,8.624212536229129e-05
13.8,0.051615134457108795,0.007434359473421705,8.51647715730446e-05
13.85,0.051278964186565294,0.007362962619170673,8.447523875279784e-05
13.9,0.05094528317718738,0.007288594918290658,8.389462532141317e-05
13.95,0.0506151115624403,0.007212872953789563,8.314287799101913e-05
14.0,0.05029120709526445,0.007137520181995535,8.243524137822133e-05
14.05,0.049976913911146115,0.007063960063998175,8.25772234364687e-05
14.1,0.049673321634064745,0.006993128541302085,8.384721811300303e-05
14.15,0.049378020014772046,0.00692509745710622,8.559195929612763e-05
14.2,0.04908702054405548,0.006859612713560862,8.668271331848868e-05
14.25,0.04879775968283213,0.0067973049456124136,8.638995219991248e-05
14.3,0.048510485464391975,0.006739134523919368,8.53707574462852e-05
14.35,0.04822609504549339,0.006684786318099103,8.466981275809261e-05
14.4,0.04794432811874119,0.006633124809449874,8.44594638238658e-05
14.45,0.0476638165363562,0.006582751428121586,8.4778096768096e-05
14.5,0.047382415363952324,0.006532451315029891,8.566171541855262e-05
14.55,0.04709727471109675,0.006481498555439319,8.621379921118521e-05
14.6,0.04680662082455074,0.006429562687318005,8.603631939717616e-05
14.65,0.04650988330500014,0.006376312492939323,8.522478155897605e-05
14.7,0.04620657932172431,0.006321621281243151,8.397574913942543e-05
14.75,0.045896024199690064,0.006265275981949753,8.236001838026717e-05
14.8,0.04557807990988497,0.006207112847357082,8.014790069018543e-05
14.85,0.04525484964591656,0.006147510527401766,7.753844113144886e-05
14.9,0.04493063128347082,0.006087776637302565,7.50672575264263e-05
14.95,0.04460944036951726,0.006029497787942263,7.324897995385609e-05
15.0,0.04429231228033147,0.005973241236295046,7.185240616822925e-05
15.05,0.04397845534618804,0.00591858827691822,7.025179554116673e-05
15.1,0.04366827698549528,0.005865017059596747,6.850825840318397e-05
15.15,0.043363796882183045,0.005812642027521875,6.7159650790907e-05
15.2,0.043066917117134396,0.0057621905581342085,6.594379983235535e-05
15.25,0.0427793966082956,0.005714517535229952,6.408543580292345e-05
15.3,0.042504228801224564,0.005670190280352849,6.205895913444542e-05
15.35,0.042243264076545994,0.00562909408424731,6.072332568330953e-05
15.4,0.04199450605082963,0.005590271682192526,5.9844727959592e-05
15.45,0.041754050098555144,0.005552522924380595,5.9058502048494604e-05
15.5,0.041517984764414845,0.005514742240082628,5.8286285349243824e-05
15.55,0.04128339980102968,0.005476230023717729,5.737798552948699e-05
15.6,0.04104924749270796,0.005436702150577704,5.652507315647288e-05
15.65,0.04081529759849657,0.005396199371712876,5.619009600738917e-05
15.7,0.04057994265884037,0.005354962368808481,5.6326654562255935e-05
15.75,0.04033980145319214,0.005313278704695971,5.629276147810657e-05
15.8,0.0400921948125632,0.005271466147848257,5.552052710786181e-05
15.85,0.03983704223130159,0.005229658582091822,5.4790928008502274e-05
15.9,0.03957389712249367,0.005187912197517605,5.502342602935465e-05
15.95,0.03929863193912211,0.005146422057139164,5.502524441157096e-05
16.0,0.039007860139593765,0.005105448124052229,5.3094183962490535e-05
16.05,0.03870541453547071,0.005065053939938615,4.973392294303535e-05
16.1,0.03840129134243781,0.00502502687207043,4.694099758350105e-05
16.15,0.03810474844798433,0.004985094363547408,4.564897617986464e-05
16.2,0.03782031116115504,0.004945030522422066,4.567318627718671e-05
16.25,0.03754780982786535,0.004904664269602801,4.7037303581361625e-05
16.3,0.03728243080105485,0.004863838940329186,4.9131594156851426e-05
16.35,0.03701673611399149,0.0048221483772493525,5.089561348014364e-05
16.4,0.03674466883413433,0.004779174315488592,5.174136772177993e-05
16.45,0.03646393193665126,0.004735108343311223,5.1638884288252184e-05
16.5,0.03617577643671322,0.004690544784706568,5.086407687629815e-05
16.55,0.03588356808459003,0.004646094637004059,4.988409815905573e-05
16.6,0.03559080759151776,0.0046022529865860215,4.8941583852037895e-05
16.65,0.03530006576930647,0.004559319752598438,4.792458094516022e-05
16.7,0.035013342170034246,0.004517255518371365,4.6715874036964924e-05
16.75,0.03473271352554849,0.004475756825777321,4.550689652614861e-05
16.8,0.03446010051987651,0.0044345146904290565,4.466730992431979e-05
16.85,0.03419621837777696,0.004393326122645333,4.432491663270723e-05
16.9,0.033940654144723456,0.004352304130789864,4.4045681188132115e-05
16.95,0.03369343079826046,0.004311693123042668,4.351216634485984e-05
17.0,0.03345555362330947,0.004271526525743873,4.304814859746885e-05
17.05,0.03322735679788332,0.004231595192249439,4.274594078472498e-05
17.1,0.03300802992756643,0.004191760047371773,4.2064348191656737e-05
17.15,0.03279765589848051,0.0041519546121805044,4.060162994227399e-05
17.2,0.032599193075105164,0.004112105491922447,3.85964693397124e-05
17.25,0.0324178596588291,0.004072194319046505,3.741283422963441e-05
17.3,0.032256186006448466,0.004032478599666335,3.799000157297085e-05
17.35,0.03211024042065543,0.003993380000176943,3.929140095712793e-05
17.4,0.03197326491900604,0.003955221196821694,3.973612250086219e-05
17.45,0.03184170396567044,0.003918091787332683,3.904423908290679e-05
17.5,0.03171624599560804,0.003881817214496563,3.836950376473034e-05
17.55,0.03159755431857937,0.0038460540719576428,3.8659833507042734e-05
17.6,0.031482919007792425,0.0038105396579704146,3.957235902202688e-05
17.65,0.031367506076163745,0.00377518284003431,4.0334220294429004e-05
17.7,0.03124710120659252,0.0037399818496035007,4.073278051897017e-05
17.75,0.03111896464678031,0.0037050072255331414,4.092120183186202e-05
17.8,0.030981482144190983,0.003670432259597933,4.097106713549271e-05
17.85,0.030833988511824433,0.0036364218208471705,4.086899813372856e-05
17.9,0.0306767064914133,0.003603132018537754,4.0625627667592426e-05
17.95,0.03051045443341814,0.003570722901181519,4.0357205584686414e-05
18.0,0.030336035569894372,0.0035393770846189184,4.0090908034578454e-05
18.05,0.030154060374814374,0.0035091467418594743,3.9663258640992314e-05
18.1,0.029965373319109628,0.003479998491349816,3.920069985355004e-05
18.15,0.029770481363656207,0.003451767420830514,3.900120900419585e-05
18.2,0.029568604835893596,0.00342423200297478,3.9054259331264324e-05
18.25,0.029358100463616765,0.003397176015140804,3.876008695326851e-05
18.3,0.02913926436954682,0.003370486129715556,3.724126132273944e-05
18.35,0.02891772412805992,0.003344204394535309,3.490098746606593e-05
18.4,0.028702523278299228,0.003318389530117007,3.3490529142471836e-05
18.45,0.02849932346579923,0.0032930416544649055,3.383632252471116e-05
18.5,0.028306940184377512,0.0032681801761709093,3.506775396290547e-05
18.55,0.028120542891234376,0.003243831853899291,3.591196386133528e-05
18.6,0.027936652229359264,0.0032199615590551576,3.586460867828338e-05
18.65,0.027755015483874244,0.0031963531441599577,3.528579011491887e-05
18.7,0.027577263448953254,0.003172702248363724,3.4716928358680204e-05
18.75,0.02740480001282814,0.0031487465219783434,3.425993955476489e-05
18.8,0.027238469898110115,0.0031243907150748248,3.374659420014677e-05
18.85,0.027079111007239944,0.0030997150808602064,3.322950501030037e-05
18.9,0.02692743662203459,0.0030748997738277426,3.2958304572592304e-05
18.95,0.02678323385654539,0.0030501691361894366,3.311172869312686e-05
19.0,0.026644796292651353,0.0030257349181258496,3.353861417849093e-05
19.05,0.026509519223537545,0.00300172699619075,3.372802287438164e-05
19.1,0.02637556074240686,0.002978161652845634,3.340711628710928e-05
19.15,0.02624279700423028,0.0029549096844758895,3.26585689862616e-05
19.2,0.026112675777672484,0.0029318128410978756,3.174519403548849e-05
19.25,0.02598728626550573,0.0029087364934560016,3.1023625475900854e-05
19.3,0.025868065120371098,0.0028855917502487215,3.062053824808459e-05
19.35,0.02575533419169288,0.002862382215270181,3.0434029701616214e-05
19.4,0.02564856101165688,0.0028391457489512226,3.054802592844125e-05
19.45,0.025546171913427628,0.0028159428751958725,3.117155470107457e-05
19.5,0.02544495390625623,0.0027928533465001524,3.2242085406716185e-05
19.55,0.02534022588916514,0.002769939283123318,3.35723685430635e-05
19.6,0.02522644016459632,0.002747243422223909,3.49210371925702e-05
19.65,0.025098121363614802,0.0027248087237669153,3.58249528986351e-05
19.7,0.02495160607789021,0.002702664786488696,3.587052232074428e-05
19.75,0.02478656615735589,0.002680845903727049,3.513875756269677e-05
19.8,0.024605773425456855,0.0026593582943427213,3.38758416186136e-05
19.85,0.024414291377133284,0.002638183661780217,3.211832359533495e-05
19.9,0.024219125506057364,0.00261725088619954,3.0146273330340673e-05
19.95,0.024027982040648526,0.0025964476215517016,2.8519166732373167e-05
20.0,0.02384723814161792,0.0025757054933514853,2.740479713202244e-05
