# #"Time" "KineticEnergy" "SolenoidalDissipation" "DilatationalDissipation""
5.000000000000000278e-02 1.249894596754018428e-01 4.689494543644537479e-04 7.913330052122111093e-07
1.000000000000000056e-01 1.250039252857222116e-01 4.697037180122494004e-04 3.053347482284795061e-06
1.499999999999999944e-01 1.250412167920634532e-01 4.710342213012137943e-04 6.481470137172380625e-06
2.000000000000000111e-01 1.250980938308265955e-01 4.729558595478960221e-04 1.063151771489172947e-05
2.500000000000000000e-01 1.251707107285428278e-01 4.754795898997180546e-04 1.499341419130189589e-05
2.999999999999999889e-01 1.252551596316912874e-01 4.786040069679461722e-04 1.908245583561855071e-05
3.499999999999999778e-01 1.253480189233145692e-01 4.823074807092741600e-04 2.253209872185183704e-05
4.000000000000000222e-01 1.254468100988283263e-01 4.865432189575230452e-04 2.516432230044328007e-05
4.500000000000000111e-01 1.255502589923520596e-01 4.912395670760749851e-04 2.701501900363875868e-05
5.000000000000000000e-01 1.256582801152035245e-01 4.963065771401570236e-04 2.830711165434766523e-05
5.500000000000000444e-01 1.257716474189361777e-01 5.016476260140550775e-04 2.938445839560368335e-05
5.999999999999999778e-01 1.258913839392002687e-01 5.071728320333249032e-04 3.062993389843670684e-05
6.500000000000000222e-01 1.260179743562351851e-01 5.128105234844267503e-04 3.238682284769335497e-05
6.999999999999999556e-01 1.261505705752847262e-01 5.185141711504031789e-04 3.489295602383221299e-05
7.500000000000000000e-01 1.262864064788269125e-01 5.242640841504155654e-04 3.823237335781904262e-05
8.000000000000000444e-01 1.264206474879054631e-01 5.300647397000317080e-04 4.231218123614292545e-05
8.499999999999999778e-01 1.265468384364097088e-01 5.359392957954760370e-04 4.687735252953621458e-05
9.000000000000000222e-01 1.266579602564359142e-01 5.419228449739655999e-04 5.157431339899014750e-05
9.499999999999999556e-01 1.267478753491920462e-01 5.480555894888579924e-04 5.605770109402358420e-05
1.000000000000000000e+00 1.268127256031293393e-01 5.543767855847126034e-04 6.010633269524512932e-05
1.050000000000000044e+00 1.268517765709266942e-01 5.609197897891260269e-04 6.369463982678837024e-05
1.100000000000000089e+00 1.268673932364291768e-01 5.677084214586124687e-04 6.698039949253211224e-05
1.149999999999999911e+00 1.268642222167583877e-01 5.747545905602018893e-04 7.021627588717147255e-05
1.199999999999999956e+00 1.268480218278829341e-01 5.820569811345145195e-04 7.363887734419002993e-05
1.250000000000000000e+00 1.268246905568827798e-01 5.896006492101420454e-04 7.740367756600546325e-05
1.300000000000000044e+00 1.267998239231029334e-01 5.973574073606484347e-04 8.160515264057075814e-05
1.350000000000000089e+00 1.267787201307593314e-01 6.052875015630006933e-04 8.635660713433167171e-05
1.399999999999999911e+00 1.267664610175162077e-01 6.133431824666309151e-04 9.185942127720309318e-05
1.449999999999999956e+00 1.267677408257890104e-01 6.214743394751683601e-04 9.841339753648117221e-05
1.500000000000000000e+00 1.267863790914416644e-01 6.296355866629747356e-04 1.063773521727038289e-04
1.550000000000000044e+00 1.268246409688032206e-01 6.377929544031632524e-04 1.161084526863561674e-04
1.600000000000000089e+00 1.268825212360023824e-01 6.459306516911748376e-04 1.279827156791953047e-04
1.649999999999999911e+00 1.269578365590811886e-01 6.540570121275794202e-04 1.418896973131421747e-04
1.699999999999999956e+00 1.270425891831487297e-01 6.621898692591702716e-04 1.562413819873987675e-04
1.750000000000000000e+00 1.271330054646170049e-01 6.703862080745878619e-04 1.718361224880055776e-04
1.800000000000000044e+00 1.272233954830148672e-01 6.787247645227274763e-04 1.878369303047305850e-04
1.850000000000000089e+00 1.273037617567880642e-01 6.872250477629091546e-04 2.019823531777157157e-04
1.899999999999999911e+00 1.273629941472023686e-01 6.959386804163414375e-04 2.117972292727357303e-04
1.949999999999999956e+00 1.274038988032166198e-01 7.050015471025937192e-04 2.210389095933260137e-04
2.000000000000000000e+00 1.274278855378411235e-01 7.144783203473274941e-04 2.301125683675616556e-04
2.049999999999999822e+00 1.274365822255877356e-01 7.244167417224439600e-04 2.398475954027809074e-04
2.100000000000000089e+00 1.274269465655046008e-01 7.348042435430704022e-04 2.491782326716181564e-04
2.149999999999999911e+00 1.273926769807714743e-01 7.456064624673306015e-04 2.523888815278986747e-04
2.200000000000000178e+00 1.273361523712328580e-01 7.569431077427421842e-04 2.524386833275131287e-04
2.250000000000000000e+00 1.272690771267398213e-01 7.693879979468337422e-04 2.528879036909349970e-04
2.299999999999999822e+00 1.271992846916825126e-01 7.822992212114767340e-04 2.549064361775247103e-04
2.350000000000000089e+00 1.271241028852038990e-01 7.959238735653946387e-04 2.595183111235259540e-04
2.399999999999999911e+00 1.270404470133456587e-01 8.102756857778944900e-04 2.636317426775009972e-04
2.450000000000000178e+00 1.269418447831758834e-01 8.252257950959253656e-04 2.611095178122850580e-04
2.500000000000000000e+00 1.268358473523960028e-01 8.408214833824613965e-04 2.596640754036489817e-04
2.549999999999999822e+00 1.267368807663794839e-01 8.575992719984215206e-04 2.579198362284966127e-04
2.600000000000000089e+00 1.266452470205194081e-01 8.748556887516829774e-04 2.562777728117575805e-04
2.649999999999999911e+00 1.265583359649793127e-01 8.925093918049829779e-04 2.574611956609881239e-04
2.700000000000000178e+00 1.264784315913404233e-01 9.104720816575821241e-04 2.569026147206288795e-04
2.750000000000000000e+00 1.264031808876948104e-01 9.285631553771772498e-04 2.496768378609820374e-04
2.799999999999999822e+00 1.263502530682668878e-01 9.475342439062327607e-04 2.524377407666588921e-04
2.850000000000000089e+00 1.263198580582200192e-01 9.671293807953934302e-04 2.492716371953560689e-04
2.899999999999999911e+00 1.263064038655740962e-01 9.865894070305099468e-04 2.466099688416274315e-04
2.950000000000000178e+00 1.263143194072441633e-01 1.006482407139625132e-03 2.424832975251635121e-04
3.000000000000000000e+00 1.263333182606285743e-01 1.026279658587948449e-03 2.404337316143040446e-04
3.049999999999999822e+00 1.263805121895704708e-01 1.046632509974561092e-03 2.444164972336079246e-04
3.100000000000000089e+00 1.264378796334264532e-01 1.067188028243344676e-03 2.375146623511145509e-04
3.149999999999999911e+00 1.265107680800089673e-01 1.088152467266648550e-03 2.322581126281760705e-04
3.200000000000000178e+00 1.265980005125080521e-01 1.110309747261427945e-03 2.350608161033925089e-04
3.250000000000000000e+00 1.267042985257752497e-01 1.132803967300219676e-03 2.364967659422293671e-04
3.299999999999999822e+00 1.268232893187497268e-01 1.156276890751324182e-03 2.333454782027149306e-04
3.350000000000000089e+00 1.269432813389998194e-01 1.181230348731192271e-03 2.316304251717655278e-04
3.399999999999999911e+00 1.270778711366892244e-01 1.206986642601740219e-03 2.357527370537291275e-04
3.450000000000000178e+00 1.272154099866930621e-01 1.234453279800627702e-03 2.368410027851722982e-04
3.500000000000000000e+00 1.273503344647428648e-01 1.263475676488079544e-03 2.391561735537750283e-04
3.549999999999999822e+00 1.274781534909428526e-01 1.293437161027220783e-03 2.436949710484624253e-04
3.600000000000000089e+00 1.275969709591286139e-01 1.324936153595198058e-03 2.471085436219977384e-04
3.649999999999999911e+00 1.277061045247592508e-01 1.358057288785994871e-03 2.522355735500997342e-04
3.700000000000000178e+00 1.277909494401428536e-01 1.391697091507473590e-03 2.555512932269931627e-04
3.750000000000000000e+00 1.278498035504796182e-01 1.425498277684426971e-03 2.566497875293473059e-04
3.799999999999999822e+00 1.278850764674992480e-01 1.459686637810046501e-03 2.569167149594770295e-04
3.850000000000000089e+00 1.278932033935771817e-01 1.493866306335084413e-03 2.564694472136316329e-04
3.899999999999999911e+00 1.278679030970649166e-01 1.527482468199595992e-03 2.538224802770571754e-04
3.950000000000000178e+00 1.278093630842438988e-01 1.560777205179995561e-03 2.499385790575637308e-04
4.000000000000000000e+00 1.277262557599009585e-01 1.594298308097163953e-03 2.464036363733588674e-04
4.049999999999999822e+00 1.276197472988177817e-01 1.628007820938577642e-03 2.425494718355876618e-04
4.099999999999999645e+00 1.274922998362832127e-01 1.661859856518404501e-03 2.393534721169196251e-04
4.150000000000000355e+00 1.273529728193174837e-01 1.696211848122472195e-03 2.386539255151209969e-04
4.200000000000000178e+00 1.272055894226178929e-01 1.731227947669970388e-03 2.377691294797111663e-04
4.250000000000000000e+00 1.270550046202593153e-01 1.766966931812575256e-03 2.383561607162756077e-04
4.299999999999999822e+00 1.269042827722254851e-01 1.803555956909400331e-03 2.420707628009839360e-04
4.349999999999999645e+00 1.267538600575485730e-01 1.841263992578999562e-03 2.465139197227340234e-04
4.400000000000000355e+00 1.266028896241256918e-01 1.880180715543658572e-03 2.524726375249179526e-04
4.450000000000000178e+00 1.264485880016117669e-01 1.920109944269050677e-03 2.604728206736457220e-04
4.500000000000000000e+00 1.262885013651234012e-01 1.960994516120583963e-03 2.698818224863941775e-04
4.549999999999999822e+00 1.261193993571129157e-01 2.002733376435638334e-03 2.806357179961122710e-04
4.599999999999999645e+00 1.259361894719130126e-01 2.045302770022065786e-03 2.913518583996896772e-04
4.650000000000000355e+00 1.257353811041500569e-01 2.088431067300563961e-03 3.018886005679445985e-04
4.700000000000000178e+00 1.255154420410347915e-01 2.131879705315620297e-03 3.112131162058960512e-04
4.750000000000000000e+00 1.252763284409164901e-01 2.175819378624935935e-03 3.194502397110895596e-04
4.799999999999999822e+00 1.250206865940058920e-01 2.220558776944374802e-03 3.270813944975693851e-04
4.849999999999999645e+00 1.247494039039136610e-01 2.265911623022350951e-03 3.341232482420120422e-04
4.900000000000000355e+00 1.244649164356141924e-01 2.312367347883666387e-03 3.405401587617305575e-04
4.950000000000000178e+00 1.241669892817230669e-01 2.359714056297420887e-03 3.459156100778726850e-04
5.000000000000000000e+00 1.238585622367032180e-01 2.407944289200715862e-03 3.510992542821987660e-04
5.049999999999999822e+00 1.235418066791447167e-01 2.456744280914798656e-03 3.571414839050868466e-04
5.099999999999999645e+00 1.232169553106066962e-01 2.506289063699101635e-03 3.599613165831031620e-04
5.150000000000000355e+00 1.228860643176079154e-01 2.556609580004352757e-03 3.617159978929736859e-04
5.200000000000000178e+00 1.225503044313223239e-01 2.607537881191801868e-03 3.660714111675875387e-04
5.250000000000000000e+00 1.222095989376561637e-01 2.659024087609822024e-03 3.702223260824921919e-04
5.299999999999999822e+00 1.218621805195513053e-01 2.711015143756412803e-03 3.742213523215096884e-04
5.349999999999999645e+00 1.215066621996150203e-01 2.763217838320078390e-03 3.779651704400356377e-04
5.400000000000000355e+00 1.211450169981408559e-01 2.815543390649459174e-03 3.823357278100233806e-04
5.450000000000000178e+00 1.207786845465136788e-01 2.868737123556526231e-03 3.880909161375329210e-04
5.500000000000000000e+00 1.204077265540732383e-01 2.923168346144134483e-03 3.945711377892765440e-04
5.549999999999999822e+00 1.200340820667420427e-01 2.979458016309585126e-03 4.016083283270043317e-04
5.599999999999999645e+00 1.196616342657497584e-01 3.037745655963389625e-03 4.107302679474442815e-04
5.650000000000000355e+00 1.192914351611670254e-01 3.097629947431445110e-03 4.204878081260002417e-04
5.700000000000000178e+00 1.189241554120064742e-01 3.158628780761919656e-03 4.303864696988522363e-04
5.750000000000000000e+00 1.185613929983065223e-01 3.218813905030360606e-03 4.418641353754610411e-04
5.799999999999999822e+00 1.182039662564709909e-01 3.278325056020269055e-03 4.521627508930708516e-04
5.849999999999999645e+00 1.178558707993153515e-01 3.338169360573319238e-03 4.627093823671003889e-04
5.900000000000000355e+00 1.175199923619690834e-01 3.399893363548677026e-03 4.753121568490457742e-04
5.950000000000000178e+00 1.171967990101637630e-01 3.463730372871659698e-03 4.872502178137710330e-04
6.000000000000000000e+00 1.168865048072851992e-01 3.529647745179039040e-03 4.981393650551356250e-04
6.049999999999999822e+00 1.165927266126522283e-01 3.598398446962418080e-03 5.104216136116355128e-04
6.099999999999999645e+00 1.163162635213755708e-01 3.669932589450162607e-03 5.226810579894977443e-04
6.150000000000000355e+00 1.160563461558376808e-01 3.743193051195135498e-03 5.341585926401015618e-04
6.200000000000000178e+00 1.158138717193667594e-01 3.820579236349598909e-03 5.477926673169229276e-04
6.250000000000000000e+00 1.155900782630524121e-01 3.903521148017847619e-03 5.593480740902864084e-04
6.299999999999999822e+00 1.153823467162800875e-01 3.991525912631832193e-03 5.653750096632451528e-04
6.349999999999999645e+00 1.151897144156540237e-01 4.082504799604739013e-03 5.659964061987617263e-04
6.400000000000000355e+00 1.150059692567243358e-01 4.174364817959977381e-03 5.614393681892575682e-04
6.450000000000000178e+00 1.148230793665610677e-01 4.264927081520342514e-03 5.563249446484791992e-04
6.500000000000000000e+00 1.146302519431887240e-01 4.352742071948545802e-03 5.505372164426239464e-04
6.549999999999999822e+00 1.144189689266807836e-01 4.436766158864391234e-03 5.399708820387255550e-04
6.599999999999999645e+00 1.141874667821234784e-01 4.517076061089871086e-03 5.269870456447593764e-04
6.650000000000000355e+00 1.139352050089768309e-01 4.593802256309433875e-03 5.170453838224787308e-04
6.700000000000000178e+00 1.136578492347735531e-01 4.667281996648378097e-03 5.091718456789931903e-04
6.750000000000000000e+00 1.133523493965645085e-01 4.737915543571231958e-03 5.028228779399148774e-04
6.799999999999999822e+00 1.130193939181512869e-01 4.805646398105700538e-03 4.953600990992586663e-04
6.849999999999999645e+00 1.126607820061723692e-01 4.870794131640426329e-03 4.833543146501067720e-04
6.900000000000000355e+00 1.122798450523340985e-01 4.934051186591570382e-03 4.696505225768687181e-04
6.950000000000000178e+00 1.118807592921548105e-01 4.997186988998995362e-03 4.552746626094853247e-04
7.000000000000000000e+00 1.114690035804523360e-01 5.060738173133987571e-03 4.417116959045678712e-04
7.049999999999999822e+00 1.110496727474917233e-01 5.125708191955794663e-03 4.283471232782881145e-04
7.099999999999999645e+00 1.106284564165283951e-01 5.193940650342974974e-03 4.149547764502933681e-04
7.150000000000000355e+00 1.102098539982271502e-01 5.265854481370514130e-03 4.022848369492409092e-04
7.200000000000000178e+00 1.097972012891393068e-01 5.341603392730073611e-03 3.908887546196649211e-04
7.250000000000000000e+00 1.093906468112035429e-01 5.420224559045489117e-03 3.804749309763801371e-04
7.299999999999999822e+00 1.089896348283846267e-01 5.500600003725295700e-03 3.717374268007968209e-04
7.349999999999999645e+00 1.085914588289506322e-01 5.582095729425327890e-03 3.624837404007274144e-04
7.400000000000000355e+00 1.081945670421740058e-01 5.664026652630921484e-03 3.517683841398942888e-04
7.450000000000000178e+00 1.078021117056482542e-01 5.745854199515646084e-03 3.426492753734444708e-04
7.500000000000000000e+00 1.074178200614247930e-01 5.827293737711296447e-03 3.356225105698544542e-04
7.549999999999999822e+00 1.070437692369503035e-01 5.909539215747482491e-03 3.285846730786847847e-04
7.599999999999999645e+00 1.066855243886312837e-01 5.993945543724612732e-03 3.227330723437367020e-04
7.650000000000000355e+00 1.063439014155882767e-01 6.080221334407680603e-03 3.183731205348368275e-04
7.700000000000000178e+00 1.060198600033050165e-01 6.167359744892100988e-03 3.147532019926263741e-04
7.750000000000000000e+00 1.057107271867581133e-01 6.253112211876540524e-03 3.108981527628691308e-04
7.799999999999999822e+00 1.054119575421627875e-01 6.335502737641857986e-03 3.073579162032315736e-04
7.849999999999999645e+00 1.051193193482375526e-01 6.414328623820119216e-03 3.037640482804411556e-04
7.900000000000000355e+00 1.048297610838232058e-01 6.490041401690346129e-03 3.000107400760344952e-04
7.950000000000000178e+00 1.045387218406282070e-01 6.562441204673327352e-03 2.959848851657842072e-04
8.000000000000000000e+00 1.042432447950227131e-01 6.629694156373322489e-03 2.938687887244654856e-04
8.050000000000000711e+00 1.039371216534595577e-01 6.690359624006939759e-03 2.944007931929151583e-04
8.099999999999999645e+00 1.036127227839973991e-01 6.743629433095164015e-03 2.964146938282970060e-04
8.150000000000000355e+00 1.032591576731082122e-01 6.788452333659186592e-03 2.986668040733443143e-04
8.199999999999999289e+00 1.028720714849735013e-01 6.826159011899601142e-03 3.005473623263992108e-04
8.250000000000000000e+00 1.024529719367721498e-01 6.858460548112207782e-03 3.006980437826580681e-04
8.300000000000000711e+00 1.020056594571976394e-01 6.885945892915757913e-03 2.990707620604943196e-04
8.349999999999999645e+00 1.015312477817896519e-01 6.910074552688182103e-03 2.978524501633698311e-04
8.400000000000000355e+00 1.010315488937773565e-01 6.936973422059887831e-03 2.973835128358783865e-04
8.449999999999999289e+00 1.005117995104879702e-01 6.968902410395950639e-03 2.989274974708254853e-04
8.500000000000000000e+00 9.997624685022601931e-02 7.006476492784229418e-03 3.014260199794516703e-04
8.550000000000000711e+00 9.943027222360083239e-02 7.051590860598298295e-03 3.033903871125848335e-04
8.599999999999999645e+00 9.887986034521228929e-02 7.106907314434502722e-03 3.043460432916138270e-04
8.650000000000000355e+00 9.833068002197155322e-02 7.172942170314219185e-03 3.030569198351066901e-04
8.699999999999999289e+00 9.779035257792688396e-02 7.249805367579648802e-03 2.995119217169611367e-04
8.750000000000000000e+00 9.726033793690265494e-02 7.336910434253467693e-03 2.943345224026484744e-04
8.800000000000000711e+00 9.674172016951586295e-02 7.436246946841058338e-03 2.878771176382461717e-04
8.849999999999999645e+00 9.623169481304311157e-02 7.547263304944775396e-03 2.837056858408639544e-04
8.900000000000000355e+00 9.572309197245845724e-02 7.663796254786945511e-03 2.818044871298882128e-04
8.949999999999999289e+00 9.521036971056717757e-02 7.774339304914021018e-03 2.821292884442509015e-04
9.000000000000000000e+00 9.469405463908722731e-02 7.872038447834343866e-03 2.837400588363383526e-04
9.050000000000000711e+00 9.418253326934576675e-02 7.953383895024528083e-03 2.842298499294212684e-04
9.099999999999999645e+00 9.368231119489800474e-02 8.018684475196966727e-03 2.830992884492477581e-04
9.150000000000000355e+00 9.320362947046399726e-02 8.073363912487366983e-03 2.811734787919306492e-04
9.199999999999999289e+00 9.273736541940434674e-02 8.111929577902091126e-03 2.779772961184325615e-04
9.250000000000000000e+00 9.227914806421620708e-02 8.133215562984555738e-03 2.745187183510167626e-04
9.300000000000000711e+00 9.182462918607221802e-02 8.141389801423174963e-03 2.702465655164883749e-04
9.349999999999999645e+00 9.137338532560493332e-02 8.146349122366152579e-03 2.654071810781018421e-04
9.400000000000000355e+00 9.093087482611686423e-02 8.155355977510152232e-03 2.623403461660490173e-04
9.449999999999999289e+00 9.049876671825343721e-02 8.171679049826401087e-03 2.613900443090824070e-04
9.500000000000000000e+00 9.007191756862270582e-02 8.193001109988447273e-03 2.620824506375785926e-04
9.550000000000000711e+00 8.964367704582090757e-02 8.216898773394716582e-03 2.618366080731763298e-04
9.599999999999999645e+00 8.920388710489990380e-02 8.235788020071794016e-03 2.576599005631108807e-04
9.650000000000000355e+00 8.874574664402055946e-02 8.245328745502043463e-03 2.487029711989710763e-04
9.699999999999999289e+00 8.827539755067369265e-02 8.245954038094215066e-03 2.353138505713217783e-04
9.750000000000000000e+00 8.780463913635679074e-02 8.242036362939384603e-03 2.222892776844392166e-04
9.800000000000000711e+00 8.733370553578836959e-02 8.233129183903110243e-03 2.113403535460926493e-04
9.849999999999999645e+00 8.685965814106261229e-02 8.218799018646078328e-03 2.040100686535325049e-04
9.900000000000000355e+00 8.637704396785710059e-02 8.201933358696310294e-03 1.995878541038146226e-04
9.949999999999999289e+00 8.589095859836223812e-02 8.190597694933772835e-03 1.973970167056907392e-04
1.000000000000000000e+01 8.540838155107480234e-02 8.186529859833700448e-03 1.963402821648739115e-04
1.005000000000000071e+01 8.493568472107637657e-02 8.189822227014271344e-03 1.971487598766454290e-04
1.009999999999999964e+01 8.447602149920822867e-02 8.199216429056252822e-03 1.981421393800393853e-04
1.015000000000000036e+01 8.403054621389684231e-02 8.212408130741873091e-03 1.973072169996506432e-04
1.019999999999999929e+01 8.359548875251472666e-02 8.223214596946420638e-03 1.953094593166868271e-04
1.025000000000000000e+01 8.316427559936433178e-02 8.225191197989520364e-03 1.936185455000222439e-04
1.030000000000000071e+01 8.273997202470410872e-02 8.222715987344468569e-03 1.911124363375031122e-04
1.034999999999999964e+01 8.232751978496692657e-02 8.217636731857085736e-03 1.891380788298214588e-04
1.040000000000000036e+01 8.192524343930031316e-02 8.208141473783564859e-03 1.886804435845509703e-04
1.044999999999999929e+01 8.153026966190556057e-02 8.194838352545745497e-03 1.891453466055048149e-04
1.050000000000000000e+01 8.113625490591429290e-02 8.181323802916688759e-03 1.896732874402815494e-04
1.055000000000000071e+01 8.073668394633411183e-02 8.172018024816967569e-03 1.894741927197226899e-04
1.059999999999999964e+01 8.032799118926876869e-02 8.169913291249813331e-03 1.882769570038417305e-04
1.065000000000000036e+01 7.990343966752525007e-02 8.175084223801937916e-03 1.857541021871901576e-04
1.069999999999999929e+01 7.945826691586709012e-02 8.186205897104410073e-03 1.811272353439652655e-04
1.075000000000000000e+01 7.899115614341682690e-02 8.202141852115887866e-03 1.754818899935082078e-04
1.080000000000000071e+01 7.850652113967183932e-02 8.223093416074933951e-03 1.708056162816300866e-04
1.084999999999999964e+01 7.800990395045964698e-02 8.248341972271165667e-03 1.694103047882582365e-04
1.090000000000000036e+01 7.750139847687891048e-02 8.276119855929938221e-03 1.702571948561297326e-04
1.094999999999999929e+01 7.697861633720644303e-02 8.305320237776364287e-03 1.706006054053159392e-04
1.100000000000000000e+01 7.644341456527321832e-02 8.335412173946687292e-03 1.693518721094061880e-04
1.105000000000000071e+01 7.590227261410389947e-02 8.366076347695684812e-03 1.686546483701922405e-04
1.109999999999999964e+01 7.536334071132456958e-02 8.397113114615018317e-03 1.688210325611492406e-04
1.115000000000000036e+01 7.483086973094668637e-02 8.428020278359656114e-03 1.677345359204847786e-04
1.119999999999999929e+01 7.430722664828288970e-02 8.459951059549674496e-03 1.633705534473913260e-04
1.125000000000000000e+01 7.379360749176470946e-02 8.492255798677563958e-03 1.566995802336975405e-04
1.130000000000000071e+01 7.328962954260888341e-02 8.522142650974994307e-03 1.496086135424661218e-04
1.134999999999999964e+01 7.279547079206312443e-02 8.547595147403042742e-03 1.436588137224399197e-04
1.140000000000000036e+01 7.231119351351295022e-02 8.569172884355472433e-03 1.404666937116484616e-04
1.144999999999999929e+01 7.183394832015803366e-02 8.587483224623307723e-03 1.395781463222356162e-04
1.150000000000000000e+01 7.136123572807953619e-02 8.601840620128215625e-03 1.392664507580755097e-04
1.155000000000000071e+01 7.089248527644922970e-02 8.610996091021042367e-03 1.386070913635878746e-04
1.159999999999999964e+01 7.042892667086678160e-02 8.614004852720786101e-03 1.379214617660167233e-04
1.165000000000000036e+01 6.997182325299000638e-02 8.609979078986198034e-03 1.380625075354267926e-04
1.169999999999999929e+01 6.952218378972363499e-02 8.598961314807612721e-03 1.397850059867198995e-04
1.175000000000000000e+01 6.907969319803322628e-02 8.582176080626051362e-03 1.432027885827324954e-04
1.180000000000000071e+01 6.864044323820174542e-02 8.561151582338727070e-03 1.459061201775242722e-04
1.184999999999999964e+01 6.820238992573361692e-02 8.538838049288687698e-03 1.459035774950149047e-04
1.190000000000000036e+01 6.776545851399608245e-02 8.515948373645608124e-03 1.440595438548088550e-04
1.194999999999999929e+01 6.733177017334331105e-02 8.493634620645023128e-03 1.415659081923350475e-04
1.200000000000000000e+01 6.690125049115819289e-02 8.472901560246465236e-03 1.390484105973175267e-04
1.205000000000000071e+01 6.647223205373055388e-02 8.453908219006225910e-03 1.367679356798047550e-04
1.209999999999999964e+01 6.604196396115764867e-02 8.435205083081492514e-03 1.344079840827033356e-04
1.215000000000000036e+01 6.560741700171614232e-02 8.413777747372192667e-03 1.317752923466280980e-04
1.219999999999999929e+01 6.516988742745169483e-02 8.388619091625668794e-03 1.298615734192672512e-04
1.225000000000000000e+01 6.473010792319544571e-02 8.359042396587202869e-03 1.294677979916871325e-04
1.230000000000000071e+01 6.428660098520208588e-02 8.325068279295088497e-03 1.300121104484507203e-04
1.234999999999999964e+01 6.383597219970484071e-02 8.286443009040096036e-03 1.299785006717190034e-04
1.240000000000000036e+01 6.337664956736871469e-02 8.242925455861081427e-03 1.287529740515669331e-04
1.244999999999999929e+01 6.291030249549037223e-02 8.194827926921633213e-03 1.266793699566079218e-04
1.250000000000000000e+01 6.244070525145180989e-02 8.142362003969583553e-03 1.243645707844463094e-04
1.255000000000000071e+01 6.197102934714949357e-02 8.085948950437613081e-03 1.222672213071697336e-04
1.259999999999999964e+01 6.150373713072170012e-02 8.025718061661047190e-03 1.206520614901169630e-04
1.265000000000000036e+01 6.103924814866532045e-02 7.962025314866788203e-03 1.195663032322388114e-04
1.269999999999999929e+01 6.057568449535737781e-02 7.895410151135914822e-03 1.184366666164719860e-04
1.275000000000000000e+01 6.011132697307957490e-02 7.826223570214639602e-03 1.165370671677814135e-04
1.280000000000000071e+01 5.964595979050545116e-02 7.754204100324044863e-03 1.144998629786248017e-04
1.284999999999999964e+01 5.917949711236556581e-02 7.678936285819477382e-03 1.131734667780272095e-04
1.290000000000000036e+01 5.871103684853047622e-02 7.601234165977397740e-03 1.124849303796323334e-04
1.294999999999999929e+01 5.823832944556666530e-02 7.522242156416908236e-03 1.119332922162028280e-04
1.300000000000000000e+01 5.775934112949420579e-02 7.442615379926144879e-03 1.111079746600636273e-04
1.305000000000000071e+01 5.727359941359164847e-02 7.362448476862237801e-03 1.102267106349905210e-04
1.309999999999999964e+01 5.678278895821325944e-02 7.281844724183983604e-03 1.094709674355077826e-04
1.315000000000000036e+01 5.628961577574427555e-02 7.200812235237075490e-03 1.086976668963784997e-04
1.319999999999999929e+01 5.579778478626492427e-02 7.119392849211400413e-03 1.078615694711383932e-04
1.325000000000000000e+01 5.531087751537095559e-02 7.037723007222179521e-03 1.068360782611611201e-04
1.330000000000000071e+01 5.483156583368839487e-02 6.956096433099094069e-03 1.054948764228931112e-04
1.334999999999999964e+01 5.436244703535848127e-02 6.874983322615485851e-03 1.039721334634908828e-04
1.340000000000000036e+01 5.390676480223589861e-02 6.795120370187477006e-03 1.027240506989265440e-04
1.344999999999999929e+01 5.346732174975067642e-02 6.717327864559462583e-03 1.024284834451947543e-04
1.350000000000000000e+01 5.304451570963456680e-02 6.642053983286190511e-03 1.030211065489631221e-04
1.355000000000000071e+01 5.263645448323736598e-02 6.569520174511106654e-03 1.032304264850304368e-04
1.359999999999999964e+01 5.224166316940268007e-02 6.499855549172612462e-03 1.020936395871073428e-04
1.365000000000000036e+01 5.186186612703825444e-02 6.433137386685131194e-03 9.989683512488831769e-05
1.369999999999999929e+01 5.150072545529624929e-02 6.369484466147348062e-03 9.732640474041226984e-05
1.375000000000000000e+01 5.116217359276355875e-02 6.308974318062205225e-03 9.503674939989855742e-05
1.380000000000000071e+01 5.084751677456311042e-02 6.251024346923777890e-03 9.375314594211898046e-05
1.384999999999999964e+01 5.055473763168221585e-02 6.195008874891461473e-03 9.396264043465306966e-05
1.390000000000000036e+01 5.027849481805592158e-02 6.140706913221534100e-03 9.511785053759799758e-05
1.394999999999999929e+01 5.001268325341029497e-02 6.087997702302722428e-03 9.606165796042387016e-05
1.400000000000000000e+01 4.975363568503597678e-02 6.037109185477103866e-03 9.621945544342624002e-05
1.405000000000000071e+01 4.950063642119544027e-02 5.987821844801062381e-03 9.620610138722269383e-05
1.409999999999999964e+01 4.925434861276680593e-02 5.940104167894108209e-03 9.668393180670296005e-05
1.415000000000000036e+01 4.901423803479597330e-02 5.893941626324344582e-03 9.771851657810069129e-05
1.419999999999999929e+01 4.877787717564378844e-02 5.849471959913799674e-03 9.905807893364476234e-05
1.425000000000000000e+01 4.854153747833464538e-02 5.806738415248028327e-03 1.003670499030755105e-04
1.430000000000000071e+01 4.830135351440511399e-02 5.765722380516399674e-03 1.011536738361489462e-04
1.434999999999999964e+01 4.805462666602700744e-02 5.726620208271430458e-03 1.011362514554335444e-04
1.440000000000000036e+01 4.780049236812424635e-02 5.689468483310273356e-03 1.005754330497134847e-04
1.444999999999999929e+01 4.753910547155938693e-02 5.654135774717143105e-03 9.993294063989434958e-05
1.450000000000000000e+01 4.727011662245581003e-02 5.620264616054637674e-03 9.958949767416687632e-05
1.455000000000000071e+01 4.699251577248271527e-02 5.587550209737026513e-03 9.934792810177906007e-05
1.459999999999999964e+01 4.670528263398363716e-02 5.555503325176005744e-03 9.876533107592959122e-05
1.465000000000000036e+01 4.640899214338958106e-02 5.523838505017442460e-03 9.758454405973760262e-05
1.469999999999999929e+01 4.610623706801969535e-02 5.492526332512520301e-03 9.607890477553128125e-05
1.475000000000000000e+01 4.579995992643989128e-02 5.461035966432646951e-03 9.481755530412153024e-05
1.480000000000000071e+01 4.549216165041532201e-02 5.428963617481602499e-03 9.395402735680387666e-05
1.484999999999999964e+01 4.518345905635026000e-02 5.396226055980384018e-03 9.301136114174042178e-05
1.490000000000000036e+01 4.487444480573169608e-02 5.362795590620987075e-03 9.131228922680069470e-05
1.494999999999999929e+01 4.456733950256261401e-02 5.328693279582359665e-03 8.900724489194149322e-05
1.500000000000000000e+01 4.426616948146493147e-02 5.294012849296454194e-03 8.722154197664082342e-05
1.505000000000000071e+01 4.397338533054658688e-02 5.258796107239331608e-03 8.678709986531772398e-05
1.509999999999999964e+01 4.368709953417017344e-02 5.223277835915716982e-03 8.726186725871894472e-05
1.515000000000000036e+01 4.340255011999937657e-02 5.187543846014165162e-03 8.741406331153213751e-05
1.519999999999999929e+01 4.311553901438570924e-02 5.151713419369492730e-03 8.656820597084828920e-05
1.525000000000000000e+01 4.282402119162100063e-02 5.115777106156130932e-03 8.471670263647715197e-05
1.530000000000000071e+01 4.252851728289386291e-02 5.079816122402863038e-03 8.199950925982969893e-05
1.534999999999999964e+01 4.223193561878307162e-02 5.043665439943836697e-03 7.888815812750666115e-05
1.540000000000000036e+01 4.193766274023881524e-02 5.007031237394096897e-03 7.610681975408592113e-05
1.544999999999999929e+01 4.164899404945488631e-02 4.969819249787050738e-03 7.419000909714418680e-05
1.550000000000000000e+01 4.136711407252283840e-02 4.932028467966309560e-03 7.309692865035490354e-05
1.555000000000000071e+01 4.109188457721534016e-02 4.893973941005083997e-03 7.242386894851140632e-05
1.559999999999999964e+01 4.082251114120313829e-02 4.855991724099343460e-03 7.191869387609376059e-05
1.565000000000000036e+01 4.055760124121603194e-02 4.818350444035382138e-03 7.158997495934090296e-05
1.569999999999999929e+01 4.029534731529626351e-02 4.781212498588793477e-03 7.128192232834863523e-05
1.575000000000000000e+01 4.003379687906627460e-02 4.744510405581603418e-03 7.081864283289067657e-05
1.580000000000000071e+01 3.977128700080807128e-02 4.708113635258543567e-03 7.030859505234800428e-05
1.584999999999999964e+01 3.950650212383695348e-02 4.671958090919369616e-03 6.988857573242292351e-05
1.590000000000000036e+01 3.923836170094684161e-02 4.636022735545384209e-03 6.940617560944600394e-05
1.594999999999999929e+01 3.896667064131521807e-02 4.600476499964766680e-03 6.838444373679871714e-05
1.600000000000000000e+01 3.869286938859372443e-02 4.565355620980603851e-03 6.643615893304893069e-05
1.605000000000000071e+01 3.842115581507069000e-02 4.530542132490822382e-03 6.377598532423597183e-05
1.610000000000000142e+01 3.815790863281009332e-02 4.495869939758491939e-03 6.136882594328543056e-05
1.614999999999999858e+01 3.790869233299321711e-02 4.461196737859584802e-03 6.036349810631641121e-05
1.619999999999999929e+01 3.767468913098119543e-02 4.426426819594787669e-03 6.091389818984451279e-05
1.625000000000000000e+01 3.745215376430240800e-02 4.391516097246739997e-03 6.210315424700238950e-05
1.630000000000000071e+01 3.723535895821629416e-02 4.356545565254089925e-03 6.301018772340585231e-05
1.635000000000000142e+01 3.701925435601841063e-02 4.321666511686418979e-03 6.325642522175931211e-05
1.639999999999999858e+01 3.680075859922127268e-02 4.287025595646218844e-03 6.310071728940468692e-05
1.644999999999999929e+01 3.657802914699360280e-02 4.252668273811302004e-03 6.308744038781864737e-05
1.650000000000000000e+01 3.634919378007292479e-02 4.218628090366270331e-03 6.354293887498758410e-05
1.655000000000000071e+01 3.611154717779328088e-02 4.184880154602996401e-03 6.439450480745691078e-05
1.660000000000000142e+01 3.586175292121473318e-02 4.151461831942896037e-03 6.505525218104868705e-05
1.664999999999999858e+01 3.559757361903578832e-02 4.118483959397224899e-03 6.471745308582903852e-05
1.669999999999999929e+01 3.531987551385452895e-02 4.085984398782028203e-03 6.311134354616036387e-05
1.675000000000000000e+01 3.503315511336211469e-02 4.053937233932568274e-03 6.084763937542330152e-05
1.680000000000000071e+01 3.474371782111426721e-02 4.022253062274255136e-03 5.887477238835670272e-05
1.685000000000000142e+01 3.445699897830308694e-02 3.990867129490813410e-03 5.778080951707472405e-05
1.689999999999999858e+01 3.417595852133176876e-02 3.959774108987626322e-03 5.758675918884490814e-05
1.694999999999999929e+01 3.390109126381973120e-02 3.929066102949149361e-03 5.785292258664061617e-05
1.700000000000000000e+01 3.363131022711719070e-02 3.898828600929066072e-03 5.807392489353310999e-05
1.705000000000000071e+01 3.336542301715949427e-02 3.869058233881741971e-03 5.788336860725585116e-05
1.710000000000000142e+01 3.310319881151209398e-02 3.839677337039761225e-03 5.688390598358111577e-05
1.714999999999999858e+01 3.284652767119087408e-02 3.810620089223706788e-03 5.467768175001544147e-05
1.719999999999999929e+01 3.260072072173581664e-02 3.781696795169720623e-03 5.151869444206249937e-05
1.725000000000000000e+01 3.237377819457359918e-02 3.752756934743882011e-03 4.867511726284287930e-05
1.730000000000000071e+01 3.217263376244330897e-02 3.723677942468978617e-03 4.753004101662338694e-05
1.735000000000000142e+01 3.199912302922187229e-02 3.694401002640235621e-03 4.828124655561350501e-05
1.739999999999999858e+01 3.184940953152620019e-02 3.665008283966215540e-03 5.000567727016863112e-05
1.744999999999999929e+01 3.171689321740697731e-02 3.635643833540488402e-03 5.173200605824481975e-05
1.750000000000000000e+01 3.159515995544745492e-02 3.606530609224029450e-03 5.302309180556632665e-05
1.755000000000000071e+01 3.147946515647686433e-02 3.577887813623019300e-03 5.383811676087902308e-05
1.760000000000000142e+01 3.136642053300936483e-02 3.549845530056718827e-03 5.435658116735987526e-05
1.764999999999999858e+01 3.125337776274068891e-02 3.522442718508917055e-03 5.481446953185384796e-05
1.769999999999999929e+01 3.113777807304750345e-02 3.495666348552675141e-03 5.530418470655284574e-05
1.775000000000000000e+01 3.101669127133817316e-02 3.469407130637080020e-03 5.589961653941977941e-05
1.780000000000000071e+01 3.088699041042934981e-02 3.443549895156598328e-03 5.662618038412876598e-05
1.785000000000000142e+01 3.074541829597946321e-02 3.418086288463221059e-03 5.716930981937816137e-05
1.789999999999999858e+01 3.058957145997116475e-02 3.393100081770968491e-03 5.695051591113237967e-05
1.794999999999999929e+01 3.041931168306431441e-02 3.368587915585966996e-03 5.569776804328849940e-05
1.800000000000000000e+01 3.023762406998197969e-02 3.344610018515715901e-03 5.374647701316581416e-05
1.805000000000000071e+01 3.004945796042447423e-02 3.320993829583936217e-03 5.182574768508218854e-05
1.810000000000000142e+01 2.985980574216304251e-02 3.297509740301653863e-03 5.053770971583392723e-05
1.814999999999999858e+01 2.967211070709597012e-02 3.274019022409329141e-03 5.012645236927895225e-05
1.819999999999999929e+01 2.948768112950989409e-02 3.250368027230520797e-03 5.047344801929337925e-05
1.825000000000000000e+01 2.930580928191181544e-02 3.226598577935420233e-03 5.119962758417363020e-05
1.830000000000000071e+01 2.912472625192557077e-02 3.202759602931067821e-03 5.183623485057177959e-05
1.835000000000000142e+01 2.894291951670050628e-02 3.179013152372301906e-03 5.214115896142700317e-05
1.839999999999999858e+01 2.875970025064053873e-02 3.155468598744918043e-03 5.229425761093838400e-05
1.844999999999999929e+01 2.857496450601359692e-02 3.132267678508081094e-03 5.251705873625639697e-05
1.850000000000000000e+01 2.838805841038175362e-02 3.109428699208037841e-03 5.275193349468780291e-05
1.855000000000000071e+01 2.819798614283680963e-02 3.086959382427580285e-03 5.267110569519518139e-05
1.860000000000000142e+01 2.800422195807628772e-02 3.064775940919611374e-03 5.199469126281854243e-05
1.864999999999999858e+01 2.780788612562774473e-02 3.042797329060922904e-03 5.080401752525679588e-05
1.869999999999999929e+01 2.761149971566236733e-02 3.021005654792172524e-03 4.942543384872509520e-05
1.875000000000000000e+01 2.741803606138331142e-02 2.999312834328898142e-03 4.816841278457867099e-05
1.880000000000000071e+01 2.723008602895036351e-02 2.977667085099497575e-03 4.724087143497237499e-05
1.885000000000000142e+01 2.704927837712758909e-02 2.955990352907841758e-03 4.668017529156511089e-05
1.889999999999999858e+01 2.687619758850664370e-02 2.934286687623783359e-03 4.637108372042566623e-05
1.894999999999999929e+01 2.671070752269529003e-02 2.912539821140472905e-03 4.617839262177271016e-05
1.900000000000000000e+01 2.655236749555021578e-02 2.890788362728870416e-03 4.604231182932755448e-05
1.905000000000000071e+01 2.640042168349661725e-02 2.869018501301703362e-03 4.597956130921745065e-05
1.910000000000000142e+01 2.625383014806761950e-02 2.847275827312048535e-03 4.602750428898963399e-05
1.914999999999999858e+01 2.611105774838098220e-02 2.825553001277121383e-03 4.612406447634419325e-05
1.919999999999999929e+01 2.597045784377859795e-02 2.803862607785348373e-03 4.605543515932759732e-05
1.925000000000000000e+01 2.583092196082896475e-02 2.782174610141515108e-03 4.555948995669072674e-05
1.930000000000000071e+01 2.569273540170403936e-02 2.760484818343876719e-03 4.466176867370212091e-05
1.935000000000000142e+01 2.555746567540974346e-02 2.738784666755797893e-03 4.377254938753520738e-05
1.939999999999999858e+01 2.542666140362332197e-02 2.717093246214415028e-03 4.333559279853076027e-05
1.944999999999999929e+01 2.530049833620416286e-02 2.695426207556502699e-03 4.345162251703427376e-05
1.950000000000000000e+01 2.517762744843739589e-02 2.673823328450323014e-03 4.394052856161918558e-05
1.955000000000000071e+01 2.505568675102212706e-02 2.652339127369081513e-03 4.460578530181893162e-05
1.960000000000000142e+01 2.493191828619593237e-02 2.630987784188096833e-03 4.529431724666432651e-05
1.964999999999999858e+01 2.480377227741044702e-02 2.609823571745356185e-03 4.586347402710518419e-05
1.969999999999999929e+01 2.466923688489870356e-02 2.588879837919683818e-03 4.624081264752077296e-05
1.975000000000000000e+01 2.452706956012092737e-02 2.568183135120370546e-03 4.642187288615937124e-05
1.980000000000000071e+01 2.437666289187628149e-02 2.547706129044646772e-03 4.626965842060660404e-05
1.985000000000000142e+01 2.421856845243123071e-02 2.527403487371845253e-03 4.548095385769929962e-05
1.989999999999999858e+01 2.405512300773493539e-02 2.507239536068006473e-03 4.398789103306633140e-05
1.994999999999999929e+01 2.389064859347171318e-02 2.487170055756961901e-03 4.219182031729016609e-05
2.000000000000000000e+01 2.373036127167713755e-02 2.467182374021748090e-03 4.063163725884752947e-05
