Time,KineticEnergy,SolenoidalDissipation,DilatationalDissipation
0.0005,,,
0.05,0.12498903237364385,0.0004689471231033406,5.931370056941e-07
0.1,0.1250030166808024,0.0004697032353673295,2.290157451193209e-06
0.15,0.12503973347043806,0.00047103426662345807,4.850119478180181e-06
0.2,0.12509598725004037,0.00047295553497257926,7.931319238967724e-06
0.25,0.12516792566947646,0.00047547683361504636,1.1162301325271617e-05
0.3,0.12525166666249907,0.00047859445159876564,1.4206544374609327e-05
0.35,0.1253438108436668,0.000482286696411914,1.680716647084597e-05
0.4,0.12544191742363403,0.0004865070100307371,1.8816553853051384e-05
0.45,0.125544620221363,0.0004911868509575086,2.0235322789737527e-05
0.5,0.1256518616770865,0.0004962384343007157,2.1216253516077005e-05
0.55,0.12576441441617683,0.0005015659668460254,2.2028298983952633e-05
0.6,0.12588337699430557,0.0005070775578796456,2.2974035965682784e-05
0.65,0.1260092174746268,0.0005127013632329821,2.430671521389656e-05
0.7,0.1261410640205266,0.0005183915019948909,2.619566602264741e-05
0.75,0.12627614767750112,0.0005241288317435549,2.8707226629938836e-05
0.8,0.12640967608617792,0.0005299183282900678,3.177392366008225e-05
0.85,0.1265351674730474,0.0005357828203700754,3.519876666798043e-05
0.9,0.12664556490725692,0.000541756152129988,3.8713841619640394e-05
0.95,0.12673463163336637,0.0005478774035533835,4.206302026123842e-05
1.0,0.12679843600827934,0.0005541851151427673,4.5080129050745915e-05
1.05,0.1268361457793919,0.0005607118711538466,4.7730868029862946e-05
1.1,0.1268500622476885,0.000567481926364879,5.0106550353853654e-05
1.15,0.12684487868767708,0.0005745072024876343,5.238821902069977e-05
1.2,0.12682657840369574,0.0005817861813717255,5.477371757473527e-05
1.25,0.1268012364075772,0.0005893030213157762,5.74024654301876e-05
1.3,0.12677447849994036,0.0005970272587303343,6.031657319771003e-05
1.35,0.12675126638550188,0.0006049193440761178,6.351989602004104e-05
1.4,0.12673633957460836,0.000612931074727616,6.704898802775785e-05
1.45,0.1267341976624936,0.0006210122871582134,7.102200612672861e-05
1.5,0.126748560004533,0.0006291166909549167,7.561524770092544e-05
1.55,0.1267818768835803,0.0006372085366863288,8.098186868544766e-05
1.6,0.12683399191160324,0.0006452715006891791,8.714643454746624e-05
1.65,0.12690167212870526,0.0006533115032539114,9.389795656120432e-05
1.7,0.1269804170534066,0.0006613522024576166,0.00010093270462395295
1.75,0.12706411472867368,0.0006694368080277269,0.0001079665696728411
1.8,0.12714529664684307,0.0006776159477965917,0.00011473954926753659
1.85,0.12721801153621637,0.0006859613595180763,0.00012110244577103865
1.9,0.12727914124346834,0.0006945501497066405,0.000127061645970561
1.95,0.12732483494456628,0.000703453453100561,0.00013258495716604447
2.0,0.12735208421028155,0.0007127336072896348,0.00013767648986940073
2.05,0.12735970029647778,0.000722450762592127,0.00014248243872657618
2.1,0.12734776196335906,0.0007326599820505825,0.00014703842058449263
2.15,0.12731651688148887,0.0007434139124711466,0.000150989193537644
2.2,0.12726455295861996,0.0007547412265974604,0.00015336683124782835
2.25,0.1271958441049583,0.0007666801999326226,0.0001538776150248388
2.3,0.12712056946484931,0.0007792146247290557,0.00015350243397249024
2.35,0.12704809719788965,0.0007923727937845763,0.00015414154993959825
2.4,0.12697980854481716,0.0008062465305977251,0.00015668108759878105
2.45,0.12690722128260254,0.0008209444529694575,0.00015939377285689743
2.5,0.12682714377425827,0.0008363875293274865,0.00016209962614599637
2.55,0.12673733116109967,0.0008525138393246453,0.0001647406361325205
2.6,0.12663710496252487,0.0008692349444268294,0.00016684853026428237
2.65,0.12652546953116653,0.0008864582552138122,0.0001674723144856032
2.7,0.12640717225238202,0.0009040474642908874,0.00016578884550824013
2.75,0.12629551702019573,0.0009219156613020007,0.00016228252239046902
2.8,0.12620865176303453,0.000939877374767855,0.0001578629342341401
2.85,0.12616391151606984,0.0009581202993852398,0.0001557902601717785
2.9,0.12616873346334345,0.0009767057517427518,0.00015990840093252614
2.95,0.12620073528810227,0.0009953488793938686,0.00016667112931204704
3.0,0.126231889299357,0.0010140443075196109,0.0001709547249920929
3.05,0.12624884429673924,0.0010326500442115853,0.00017055989612159512
3.1,0.12625346672102322,0.0010512359375021638,0.00016642545472239406
3.15,0.1262566142097436,0.0010701699926733371,0.0001594139521764541
3.2,0.12627586841564067,0.0010892184865106487,0.00015204604278903227
3.25,0.12634041606890115,0.0011088551701252717,0.00015269754946381988
3.3,0.1264531213195954,0.0011293462998816519,0.0001634384797563922
3.35,0.12657146086442894,0.0011501476912952223,0.00017257814359090352
3.4,0.12666251153899283,0.0011714656357354788,0.00017311762370800468
3.45,0.12672637108312754,0.0011936138695061527,0.00016749038753388298
3.5,0.1267790520791907,0.0012168176301851966,0.0001616632497120679
3.55,0.12683742601355816,0.0012413719655658113,0.00015991246774176872
3.6,0.12690182522349683,0.0012670178453693833,0.00016157434291904716
3.65,0.12696462898631247,0.0012932078970148595,0.0001648390397466344
3.7,0.12700751265765653,0.0013194836354504878,0.00016676215349924946
3.75,0.12701779605158406,0.0013456664922017365,0.00016548075808003383
3.8,0.12699073147316528,0.001371498668505478,0.00016120964203597413
3.85,0.12693005015589737,0.001396678532567734,0.00015654314136364592
3.9,0.12684183515732103,0.0014211151991150007,0.00015295069855056996
3.95,0.12672474906315992,0.0014444606064506816,0.00014937426268517631
4.0,0.1265784681646094,0.0014667071727107888,0.00014511266918856657
4.05,0.12640576771993875,0.0014883684354623568,0.00014019415822152064
4.1,0.12621442944493894,0.001510044876539538,0.00013572381588447682
4.15,0.12601115549069355,0.0015321340251624458,0.00013247993293302675
4.2,0.1257976310015012,0.0015548180159722985,0.00013011481754282708
4.25,0.12557707967728493,0.001578177450230961,0.00012834392510608167
4.3,0.12535368647006825,0.0016022214584925818,0.00012758748271555722
4.35,0.12513007456496678,0.0016269338050655321,0.00012825882036748457
4.4,0.1249058870098776,0.0016522500616105895,0.00013019664606752057
4.45,0.12467804343686902,0.0016781205866654824,0.00013281727544285765
4.5,0.12444327390241103,0.0017044430574632795,0.0001357973311969983
4.55,0.1241980960075592,0.0017310723481275899,0.00013909605267282184
4.6,0.12393772320137683,0.0017578401320653449,0.0001422150077713231
4.65,0.12366025033068649,0.0017847287177295442,0.0001450839550338177
4.7,0.12336536521625754,0.0018119012278082882,0.00014765027974554388
4.75,0.12305365792677213,0.0018395730296928954,0.00014989412171143135
4.8,0.1227252084087349,0.0018678369849631444,0.00015174376273819186
4.85,0.12238169989450623,0.0018967031937809661,0.00015305585466607213
4.9,0.12202572593171132,0.0019260561906152818,0.0001539375401559363
4.95,0.12165949211732593,0.0019556153189822646,0.0001548126586591934
5.0,0.12128378250759443,0.001985155347706209,0.00015572442013306166
5.05,0.12089919616342122,0.0020145814573329936,0.00015650095029081295
5.1,0.12050630650890379,0.002043872775416193,0.0001569708138553767
5.15,0.120106549679254,0.0020730588014868435,0.0001571397558431446
5.2,0.1197008131679566,0.0021022035537479247,0.00015709009689238667
5.25,0.1192898813614423,0.002131368036610864,0.00015694722972813978
5.3,0.11887382058342386,0.002160578507218435,0.00015663204738332453
5.35,0.11845253561605078,0.002189887830469479,0.00015633454821945228
5.4,0.11802510156097107,0.0022192626268904094,0.0001559003962948449
5.45,0.11759120525659032,0.0022487323014821533,0.00015512998314670055
5.5,0.11715260915376334,0.0022783524266365342,0.0001540971697530338
5.55,0.11671095875137748,0.0023081491321445668,0.0001529999703107193
5.6,0.11626765245861624,0.0023380766540771975,0.00015193685001403749
5.65,0.11582462866891731,0.0023678804219266674,0.00015103918488356161
5.7,0.11538490480160085,0.002397504781503665,0.0001503970091459977
5.75,0.11495097537110102,0.0024271093596406742,0.00015004998250844754
5.8,0.11452313523535698,0.00245643406797126,0.00014988728727788437
5.85,0.11410159407245185,0.0024852400045497574,0.00014972719213753532
5.9,0.11368732407452391,0.002513547067204498,0.00014975891979274723
5.95,0.11328136458156719,0.0025416171869350928,0.00014994937255427264
6.0,0.11288447441316939,0.002569985098774995,0.0001501972336744958
6.05,0.11249576385391304,0.002599222198196618,0.00015042152004694298
6.1,0.11211406150428964,0.0026297425526392473,0.0001505587910947849
6.15,0.11173980143504325,0.0026617454653242493,0.00015066461941195554
6.2,0.1113725010520303,0.002694962159622713,0.00015095486945474439
6.25,0.1110114907081955,0.0027292302426815836,0.00015177619923566129
6.3,0.11065511323662874,0.0027646346169303867,0.0001531582975958891
6.35,0.11029973255256686,0.0028011782023362386,0.0001547749095555187
6.4,0.1099414389809769,0.0028387555751579995,0.00015635717223220916
6.45,0.10957735491568418,0.002877023834374227,0.00015804326384419125
6.5,0.10920472811113575,0.0029157897987084993,0.00016000221338755756
6.55,0.108819795317178,0.0029548210783872553,0.00016212617480851365
6.6,0.10842003101208268,0.0029938716633669147,0.0001643166129738864
6.65,0.1080052662463459,0.0030329345080508264,0.00016666579688277375
6.7,0.10757392798273009,0.0030714943009033636,0.0001692847133521298
6.75,0.10712360610093234,0.0031090878415139483,0.00017183235361910054
6.8,0.1066528559580223,0.0031452957708860726,0.0001741935069775268
6.85,0.10616060276319403,0.003179651717749111,0.00017622694615455916
6.9,0.10564545236964282,0.0032120396146972543,0.000177519934053247
6.95,0.10510666730464029,0.003242286513355435,0.00017779445353995093
7.0,0.10454687533511316,0.0032702429325728605,0.00017719265487348168
7.05,0.10396911220349264,0.003295890163999061,0.00017587456244029504
7.1,0.10337730740583448,0.0033196373524478164,0.0001739202022890363
7.15,0.10277517983158901,0.0033418178261339112,0.00017121397798472738
7.2,0.10216641451731687,0.0033625759069505997,0.00016790648195360048
7.25,0.10155614381860642,0.003382133295021983,0.00016407059641994668
7.3,0.1009496475854556,0.003400155519115988,0.00015974018861051096
7.35,0.10035236025443191,0.003416123476031955,0.00015521260337368658
7.4,0.0997675420652804,0.0034296720031933765,0.00015027667665904176
7.45,0.09919632680667925,0.003440357008235002,0.00014491974453177507
7.5,0.09864019597245137,0.0034479056304891347,0.0001394761590111276
7.55,0.0981004944540485,0.0034521850281190006,0.0001344082224044521
7.6,0.09757786467221555,0.003453215835683653,0.00012993967627529767
7.65,0.09707259326738116,0.0034516147925120386,0.00012573155086849147
7.7,0.09658186180446911,0.0034479871851399585,0.00012133175814366744
7.75,0.09610164081037548,0.00344268103659295,0.00011647548508743607
7.8,0.09563183328559581,0.0034363874460441313,0.00011134360996536172
7.85,0.09517131242709478,0.0034295578245479804,0.00010641565630584905
7.9,0.0947175231695503,0.0034225187145904474,0.0001017778146789528
7.95,0.09426985326967303,0.003415860385586578,9.766435054039773e-05
8.0,0.09382659778809369,0.003410002594214301,9.375840809653773e-05
8.05,0.09338484237411684,0.003404704416870532,9.006266608567078e-05
8.1,0.09294340553353135,0.003399903504566492,8.694308732515513e-05
8.15,0.0924981082691199,0.0033953989861257115,8.448328625080986e-05
8.2,0.09204410205131906,0.0033907315443807056,8.248293319918579e-05
8.25,0.09157529229664926,0.003385356566254506,8.065215028553335e-05
8.3,0.09108924503597783,0.0033792766344454164,7.869925050026304e-05
8.35,0.09058478658107678,0.003372533046802256,7.6541028143703e-05
8.4,0.09006475533458556,0.003365718162874281,7.439003483878318e-05
8.45,0.08953345292661766,0.0033594282107344484,7.242259352009123e-05
8.5,0.08899273736965985,0.0033539124915382395,7.079764999960643e-05
8.55,0.08844512658283263,0.003349160618329576,6.962979034638287e-05
8.6,0.08789443816591658,0.0033452287153148096,6.871955522313096e-05
8.65,0.08734371617145792,0.003341996475800883,6.790091866893538e-05
8.7,0.08679762505809446,0.0033393697921106544,6.72346274458286e-05
8.75,0.08626054246753072,0.0033373060654482436,6.681020367165354e-05
8.8,0.0857340106134203,0.0033354481774056795,6.628239847856255e-05
8.85,0.08521989140197664,0.0033336151068198714,6.554768751586126e-05
8.9,0.08471959160744763,0.0033316795520277583,6.486902707150768e-05
8.95,0.08423289800224451,0.0033292958497830086,6.425262779786736e-05
9.0,0.08375943508201045,0.003326306131991089,6.372075311094534e-05
9.05,0.08329594884927156,0.003322087406689469,6.361063846622873e-05
9.1,0.08283780426243015,0.0033159372995111755,6.385264573617834e-05
9.15,0.08238290765175298,0.0033078428337707665,6.403576705510454e-05
9.2,0.08193127648680798,0.0032984307836564897,6.368372445533315e-05
9.25,0.08148036383313367,0.0032874274512948486,6.276893891375326e-05
9.3,0.08103137920728352,0.0032753474928982106,6.161836010548575e-05
9.35,0.0805864813620842,0.003263638305086252,6.0222990199231794e-05
9.4,0.08014210562299316,0.003252259614665897,5.866635187510124e-05
9.45,0.07969684170162605,0.003241588670318402,5.6867950773900395e-05
9.5,0.07924634014265551,0.003231342414452471,5.466195897232893e-05
9.55,0.07878856297546026,0.0032212048248388228,5.2105364099894396e-05
9.6,0.07832053981493518,0.0032105035568849166,4.962397070493942e-05
9.65,0.07784435255309294,0.003200082681876781,4.7278743253176226e-05
9.7,0.07736405138633103,0.003190845876089277,4.4964089161618056e-05
9.75,0.07688070092010561,0.003182965016345393,4.284807479374325e-05
9.8,0.07639625315413905,0.0031767361594887103,4.096062172708494e-05
9.85,0.07591106245892024,0.0031717613374047005,3.93411020300232e-05
9.9,0.07542534645806073,0.0031677009205912563,3.799252798993925e-05
9.95,0.07494092133647894,0.00316467570599037,3.669401126891789e-05
10.0,0.07445713322768902,0.0031627183573003904,3.553082123879314e-05
10.05,0.07397174064888144,0.003161185732591127,3.4608314199768496e-05
10.1,0.07347989367698614,0.0031586454794887754,3.409351425321801e-05
10.15,0.07298138897654964,0.003154565800845337,3.386674383722907e-05
10.2,0.07247801751360385,0.0031488171917487136,3.372194467731991e-05
10.25,0.07197569278670098,0.0031425036446918395,3.347366987552929e-05
10.3,0.07147450940875458,0.0031357896459243426,3.3060215105929134e-05
10.35,0.07097021941968054,0.0031276859399539986,3.2676658203039615e-05
10.4,0.07046012525661575,0.0031173787380300564,3.232028421245938e-05
10.45,0.06994687327741773,0.0031053605768450575,3.1880975793902704e-05
10.5,0.06943214331036571,0.0030918190904358996,3.1346505988675934e-05
10.55,0.0689191048777952,0.0030769970900751346,3.0750254725426084e-05
10.6,0.0684098006192802,0.003061065110873686,3.0137065941854407e-05
10.65,0.06790392175346605,0.0030438915212099085,2.943026344637488e-05
10.7,0.06740424817517016,0.0030261634267040624,2.84923837276651e-05
10.75,0.06691443934523157,0.003009126898990836,2.751918704766989e-05
10.8,0.06643623254993226,0.002993401773587395,2.6833633887709547e-05
10.85,0.06596805199996258,0.002978840549457504,2.6449281600521842e-05
10.9,0.06550737756541752,0.0029649619778394677,2.621603173569574e-05
10.95,0.06505258315583663,0.0029516700094609507,2.598361628594628e-05
11.0,0.06460398363482428,0.002938930525465312,2.5679904577504694e-05
11.05,0.06416004435753046,0.0029261457792810076,2.5296842743607195e-05
11.1,0.06372067538127747,0.002913309853807244,2.4831699636134813e-05
11.15,0.06328787974670912,0.002900876520543446,2.4391204696451474e-05
11.2,0.0628625145959142,0.0028889730870332265,2.3893625154237032e-05
11.25,0.062444524844909303,0.0028776273643237593,2.3260941645965616e-05
11.3,0.062033828368101014,0.002866862692171939,2.262005236862724e-05
11.35,0.06162921044652322,0.002856386018471441,2.2040131830271193e-05
11.4,0.061229363151724864,0.0028458937589038425,2.149380070098069e-05
11.45,0.06083454613299172,0.002835399990789976,2.0891101926127366e-05
11.5,0.06044515281626076,0.002824825969427089,2.0244793451656715e-05
11.55,0.06006093884678807,0.002813997545537848,1.971297089409458e-05
11.6,0.059680941252864154,0.0028026922074703754,1.9356754053440506e-05
11.65,0.0593036915521138,0.002790663014076011,1.9086996617833514e-05
11.7,0.05892827859053099,0.0027779210155076165,1.894688877780811e-05
11.75,0.05855416634423163,0.0027646620793138595,1.905273117503612e-05
11.8,0.05817956327348018,0.0027508930732946723,1.9346287764370656e-05
11.85,0.05780281000442307,0.002736564937091768,1.9706245115627757e-05
11.9,0.05742141179115748,0.002721419060765865,2.0056068368180877e-05
11.95,0.05703295161137633,0.0027052204983412723,2.031367862920421e-05
12.0,0.056636403218487,0.0026879876900553156,2.0349513941723975e-05
12.05,0.05623154939510673,0.002669803594336776,2.0085747791363193e-05
12.1,0.05581890003558822,0.002650692267953968,1.955927651275835e-05
12.15,0.055399587705553935,0.002630691628665182,1.8848349243244784e-05
12.2,0.05497553594333268,0.0026098966484702276,1.801753108176909e-05
12.25,0.05454872636258638,0.002588260918577727,1.7085880149731925e-05
12.3,0.05412150956759979,0.0025657701166953754,1.6090879049308337e-05
12.35,0.05369617596500956,0.00254238178209577,1.5120189720981846e-05
12.4,0.0532754621535264,0.0025182090802558215,1.4278719632946091e-05
12.45,0.05286130035258549,0.002493269337928281,1.3662276466137417e-05
12.5,0.052454594659185026,0.0024676140692513823,1.3338691006528126e-05
12.55,0.05205569397395421,0.0024413331093866017,1.3269745476222037e-05
12.6,0.051663907458882566,0.0024144120147443745,1.3379914863756182e-05
12.65,0.05127840954195229,0.0023868892655695938,1.3612618206529074e-05
12.7,0.05089822002113876,0.002358815942819422,1.3892075072469375e-05
12.75,0.05052281781955135,0.0023302992504596557,1.4150042365578114e-05
12.8,0.0501520511735661,0.0023015535627446643,1.4363727072921403e-05
12.85,0.049785535921903386,0.002272657088048703,1.454595508379484e-05
12.9,0.04942296909907305,0.002243601386113302,1.4690206611526284e-05
12.95,0.049064299300920815,0.002214413991654189,1.4771644349275868e-05
13.0,0.048709663786560005,0.0021851368615489774,1.476867458723305e-05
13.05,0.0483598512449684,0.002155974128481032,1.4692313069866627e-05
13.1,0.04801534873291542,0.002127094385696595,1.4568502614842409e-05
13.15,0.04767648209460301,0.0020986120889041715,1.4388869493511867e-05
13.2,0.04734381283080757,0.0020706323310017345,1.4138503750275957e-05
13.25,0.04701826116848964,0.002043277529042798,1.3851424591174733e-05
13.3,0.046701043879248186,0.0020167221286978656,1.3552906094904221e-05
13.35,0.04639294993670944,0.0019910836599918076,1.3226185166361162e-05
13.4,0.046094716465041305,0.0019664337114448506,1.2867136200251561e-05
13.45,0.04580743498039804,0.0019428735770511132,1.2516205821381509e-05
13.5,0.04553195615473077,0.0019203882184418506,1.2237057149294176e-05
13.55,0.04526849913533022,0.001898839169420829,1.2069948370430865e-05
13.6,0.04501691165559344,0.0018781145992315888,1.2030418097052822e-05
13.65,0.04477640719785278,0.0018580708163113292,1.2105185095383148e-05
13.7,0.04454541537714822,0.0018385086670848366,1.2261039040084559e-05
13.75,0.04432217618288499,0.0018193694883837962,1.2458476112295224e-05
13.8,0.04410485563141981,0.0018006940016733763,1.2631123136729473e-05
13.85,0.043891701655779165,0.0017825475667214566,1.2708074068087414e-05
13.9,0.0436809992470581,0.001764929668072518,1.2643148454611301e-05
13.95,0.04347144208596892,0.0017477689297258322,1.246934365382125e-05
14.0,0.04326204660675181,0.0017309264549999067,1.226204142291217e-05
14.05,0.04305239200303096,0.0017143081750372862,1.2066419416590398e-05
14.1,0.042842203689448445,0.0016978663688065425,1.191837469754251e-05
14.15,0.04263118196235256,0.0016815479728857538,1.186879731965956e-05
14.2,0.04241922469133528,0.0016653667289730336,1.194644910150355e-05
14.25,0.042206302101675024,0.0016494223916078865,1.2141019273590317e-05
14.3,0.04199213469745591,0.001633833646105636,1.2405605405297084e-05
14.35,0.0417761905840197,0.0016186722198663864,1.2672180928082271e-05
14.4,0.04155795362218831,0.001603991891616774,1.2870343922393374e-05
14.45,0.04133720471834405,0.001589890905237108,1.2943009508843341e-05
14.5,0.0411140859900958,0.0015764445959024814,1.2873737730901835e-05
14.55,0.04088940337999997,0.0015637060059886204,1.2685975399868883e-05
14.6,0.040664374277748674,0.001551708075331578,1.2405408979273366e-05
14.65,0.04044037435051864,0.001540461036425839,1.2049497779247923e-05
14.7,0.04021894405202068,0.0015299916211822119,1.1643504473363608e-05
14.75,0.040001428972336765,0.0015202718960053998,1.1221556113241197e-05
14.8,0.03978883392517422,0.001511232415454185,1.0816475162127251e-05
14.85,0.039581711941854496,0.0015027569441128715,1.0446999876339429e-05
14.9,0.039380038505767254,0.0014947094668699276,1.0093291381815152e-05
14.95,0.03918372397126774,0.001486996806219233,9.74358317242352e-06
15.0,0.03899233719409295,0.0014795015441864292,9.427437373047615e-06
15.05,0.038805182504945974,0.0014721127441739298,9.178251867362249e-06
15.1,0.03862149941271235,0.001464790062440152,9.022096009223669e-06
15.15,0.0384403652783399,0.0014575069446081971,8.99039285935667e-06
15.2,0.038260754543817006,0.0014502608548396891,9.104994508201686e-06
15.25,0.03808171256018058,0.0014431120355019476,9.354129466656143e-06
15.3,0.03790207400408715,0.0014361134644918269,9.685435277684701e-06
15.35,0.037720901633385984,0.0014293592463027179,1.0029165552415098e-05
15.4,0.037537436824328016,0.001422900716882052,1.0338939103044835e-05
15.45,0.037351202794272016,0.0014167766707856107,1.0601597475771595e-05
15.5,0.037162262739779156,0.00141104027908331,1.0819428623784807e-05
15.55,0.03697090333369049,0.001405739381849346,1.0998235638468357e-05
15.6,0.03677752205568603,0.0014009165439520762,1.1155718925970768e-05
15.65,0.03658233056765194,0.0013965741520971132,1.13004516066968e-05
15.7,0.03638525933068313,0.0013926726034932202,1.1415625556100042e-05
15.75,0.03618588254667893,0.0013891317692239277,1.1461390341136495e-05
15.8,0.035983502510842036,0.0013858393333292883,1.1398559151091715e-05
15.85,0.03577754908408752,0.0013826811343777379,1.119131758748973e-05
15.9,0.03556783248649139,0.001379543849293893,1.0811806180183978e-05
15.95,0.03535486168172484,0.0013763299768262364,1.0275313664161712e-05
16.0,0.03513986993941474,0.0013729884273783613,9.643555871845199e-06
16.05,0.034924565934917676,0.0013695117607952162,8.993997704309907e-06
16.1,0.03471064511798502,0.001365894688161452,8.411972356730808e-06
16.15,0.034499519210752984,0.0013621320673366099,7.981821756608036e-06
16.2,0.034292033034494566,0.0013582036433147544,7.749246373307753e-06
16.25,0.03408858765958808,0.0013541259725070756,7.708652978663316e-06
16.3,0.033889078207112386,0.0013499248422410895,7.82957664177311e-06
16.35,0.03369286155656083,0.0013456097657380012,8.065268327677094e-06
16.4,0.03349912763397334,0.001341188957386777,8.360326179579182e-06
16.45,0.03330704454833741,0.001336678094349588,8.658226224335477e-06
16.5,0.03311596615121575,0.001332112196868035,8.916678584586987e-06
16.55,0.03292550673162247,0.0013275448811171148,9.114449537737506e-06
16.6,0.0327354861950099,0.0013230188674307395,9.250627313445926e-06
16.65,0.03254585620214956,0.0013185525089558052,9.33919953249034e-06
16.7,0.03235661983541478,0.0013141378093492245,9.389867608349303e-06
16.75,0.03216784175505309,0.001309769095127951,9.399626459551254e-06
16.8,0.031979495457451934,0.0013054178467962704,9.368133106742146e-06
16.85,0.03179144965365286,0.001301034587313905,9.299239535769268e-06
16.9,0.03160339955714523,0.0012965509537195238,9.191428522665032e-06
16.95,0.03141505180876256,0.0012919038908003127,9.033191918293084e-06
17.0,0.03122629439544477,0.0012870418008680197,8.809702163518445e-06
17.05,0.031037322652105664,0.0012819363777971042,8.517380442766733e-06
17.1,0.030848615864954167,0.0012765572597193788,8.172914382925163e-06
17.15,0.030660944747773963,0.0012708879018941902,7.812025851881022e-06
17.2,0.03047525895211092,0.001264946113500102,7.47361751865702e-06
17.25,0.03029256860526808,0.001258773032899642,7.191089898259567e-06
17.3,0.03011377077737715,0.0012524103642121245,6.99131497737907e-06
17.35,0.02993960944548125,0.001245894776440145,6.892180952590099e-06
17.4,0.029770560054338945,0.0012392579892084306,6.901791238293295e-06
17.45,0.029606895837533932,0.001232549235526713,7.016841504572303e-06
17.5,0.029448661562409287,0.0012258147597858464,7.22631620970012e-06
17.55,0.02929548730159656,0.0012190663190858688,7.5126747179327685e-06
17.6,0.029146786323490007,0.0012123191799018006,7.8535934823833e-06
17.65,0.02900178933325365,0.0012056022189168734,8.227753096494645e-06
17.7,0.028859581359313075,0.0011989518240866476,8.6136917366459e-06
17.75,0.02871904851262397,0.001192384215601323,8.981284081759746e-06
17.8,0.02857905555443789,0.001185936150740288,9.297646670007342e-06
17.85,0.02843855880802819,0.0011796455166777227,9.53978317979989e-06
17.9,0.02829644932436882,0.0011734993750575663,9.686294122869296e-06
17.95,0.02815176034429478,0.0011674737463546834,9.716262185686027e-06
18.0,0.02800387205112832,0.0011615476656591068,9.618951496259512e-06
18.05,0.027852566314103402,0.0011556977026843623,9.400179221470867e-06
18.1,0.027697968000081584,0.001149886494194073,9.083825627878359e-06
18.15,0.027540499024006366,0.0011440644050356862,8.718070596673481e-06
18.2,0.02738075519768654,0.001138184608276466,8.359025308967569e-06
18.25,0.027219303305324398,0.001132187075734508,8.046705907780924e-06
18.3,0.027056578121371046,0.0011260034064606717,7.802890083828505e-06
18.35,0.026892931078180256,0.0011195765760233466,7.63091156340348e-06
18.4,0.026728753826193278,0.0011128875346126457,7.51115924282867e-06
18.45,0.02656454569385576,0.0011059470927032684,7.407915491312182e-06
18.5,0.02640091213762516,0.0010987638403118444,7.285613126282383e-06
18.55,0.026238807414158793,0.00109140575746028,7.1159557111666335e-06
18.6,0.026079379661121508,0.0010839326603876611,6.893055112272103e-06
18.65,0.025923964168171325,0.001076398740806785,6.634870401118138e-06
18.7,0.02577378917156916,0.0010688343164874613,6.370045167187744e-06
18.75,0.0256299102125293,0.0010612655710716882,6.131346686165691e-06
18.8,0.025493109497895163,0.0010537252741040465,5.948581957234309e-06
18.85,0.025363662767919633,0.0010462442822342674,5.8460221062390276e-06
18.9,0.02524129126416015,0.0010388474520250585,5.836402538638053e-06
18.95,0.025125133037476627,0.001031546680972278,5.923676146587273e-06
19.0,0.025013860663740325,0.0010243378657681056,6.096839157877156e-06
19.05,0.02490586399111448,0.001017234367773901,6.322963548467571e-06
19.1,0.02479929559517811,0.0010102100393670065,6.568324490653336e-06
19.15,0.02469237654570229,0.0010032560218763702,6.809917652004591e-06
19.2,0.024583558734365008,0.0009964019247548043,7.028680937568301e-06
19.25,0.024471476315578382,0.0009896412692402083,7.206982934802618e-06
19.3,0.024355104907496292,0.0009829579941692456,7.334733686621668e-06
19.35,0.02423386463437304,0.0009763501752716618,7.414300506696631e-06
19.4,0.024107518670293756,0.0009698069756479649,7.44922091589692e-06
19.45,0.02397618340752711,0.0009633288136538362,7.440248749694353e-06
19.5,0.023840333980455992,0.0009569343415513085,7.39066143885748e-06
19.55,0.023700700550960647,0.0009506367595843877,7.30298276758022e-06
19.6,0.023558212357368158,0.0009444687861188577,7.174300415919033e-06
19.65,0.023413882601932934,0.0009384340626467037,7.008237524679667e-06
19.7,0.023268768308978394,0.0009325331693643559,6.806498458818846e-06
19.75,0.023123943919148782,0.0009267616119305536,6.575183796072444e-06
19.8,0.022980550442654624,0.0009211238636781371,6.326627788051291e-06
19.85,0.02283970229775824,0.0009156209140810721,6.073453085730806e-06
19.9,0.022702388739249322,0.000910253391694708,5.827767114221484e-06
19.95,0.022569402093577284,0.0009050044781095762,5.6110941828854135e-06
20.0,0.022441402965595606,0.0008998748608317715,5.445371812423015e-06
