# #"Time" "KineticEnergy" "SolenoidalDissipation" "DilatationalDissipation""
5.000000000000000278e-02 1.249894594376607798e-01 4.689496358619417936e-04 7.914630961238866439e-07
1.000000000000000056e-01 1.250039258172471746e-01 4.697039183919745286e-04 3.053821369993220882e-06
1.499999999999999944e-01 1.250412189054400935e-01 4.710344688921036418e-04 6.482382265003717111e-06
2.000000000000000111e-01 1.250980978097820939e-01 4.729561965529723196e-04 1.063279794955342861e-05
2.500000000000000000e-01 1.251707166467529719e-01 4.754800710261145903e-04 1.499483776725811919e-05
2.999999999999999889e-01 1.252551673397534482e-01 4.786046885243578491e-04 1.908373515195985949e-05
3.499999999999999778e-01 1.253480283964736874e-01 4.823084026794677097e-04 2.253301907020248832e-05
4.000000000000000222e-01 1.254468214638832513e-01 4.865443886865507142e-04 2.516483115685162468e-05
4.500000000000000111e-01 1.255502730943044154e-01 4.912409529641545208e-04 2.701520958662686364e-05
5.000000000000000000e-01 1.256582986759958165e-01 4.963081207847015687e-04 2.830715017219702652e-05
5.500000000000000444e-01 1.257716731290259848e-01 5.016492648459010230e-04 2.938454343229669917e-05
5.999999999999999778e-01 1.258914202138705363e-01 5.071745212917577999e-04 3.063031236019268008e-05
6.500000000000000222e-01 1.260180246898177647e-01 5.128122449093292217e-04 3.238781810269259170e-05
6.999999999999999556e-01 1.261506371758703837e-01 5.185159272975748725e-04 3.489494396495484930e-05
7.500000000000000000e-01 1.262864888934551177e-01 5.242658931774901894e-04 3.823567297378362216e-05
8.000000000000000444e-01 1.264207416355440927e-01 5.300666279407335261e-04 4.231690090939229347e-05
8.499999999999999778e-01 1.265469370344353417e-01 5.359412946856434651e-04 4.688330947324668275e-05
9.000000000000000222e-01 1.266580549822197699e-01 5.419249931099980435e-04 5.158123376465310829e-05
9.499999999999999556e-01 1.267479610291682712e-01 5.480579544189350663e-04 5.606580130314947722e-05
1.000000000000000000e+00 1.268128030729615829e-01 5.543794528582749945e-04 6.011696190929527689e-05
1.050000000000000044e+00 1.268518521704789792e-01 5.609228707980232556e-04 6.371055825973968997e-05
1.100000000000000089e+00 1.268674746491829930e-01 5.677120763851713561e-04 6.700564866519844538e-05
1.149999999999999911e+00 1.268643125716764353e-01 5.747590379143915603e-04 7.025608757941657814e-05
1.199999999999999956e+00 1.268481158250836516e-01 5.820624662219960662e-04 7.370020439468839217e-05
1.250000000000000000e+00 1.268247773714801241e-01 5.896073262221027383e-04 7.749785439551259839e-05
1.300000000000000044e+00 1.267998966688438645e-01 5.973652985484651217e-04 8.175438954459947533e-05
1.350000000000000089e+00 1.267787821849097885e-01 6.052965556725373479e-04 8.660487518650867233e-05
1.399999999999999911e+00 1.267665239382030351e-01 6.133532863279961105e-04 9.228994658906556454e-05
1.449999999999999956e+00 1.267678207723574868e-01 6.214851764987485219e-04 9.918483406184513398e-05
1.500000000000000000e+00 1.267865015548136631e-01 6.296464628375578665e-04 1.078000022566584065e-04
1.550000000000000044e+00 1.268248840016863999e-01 6.378035126666746751e-04 1.187995227606175889e-04
1.600000000000000089e+00 1.268831819395476734e-01 6.459413062913330365e-04 1.330818824086940828e-04
1.649999999999999911e+00 1.269591588916182956e-01 6.540670725366890415e-04 1.519522042369963045e-04
1.699999999999999956e+00 1.270481309788562274e-01 6.622100159609612758e-04 1.772266519956153751e-04
1.750000000000000000e+00 1.271432538264042900e-01 6.704167308958598531e-04 2.093581638034973879e-04
1.800000000000000044e+00 1.272369187196916440e-01 6.787664971591976255e-04 2.461672196891121606e-04
1.850000000000000089e+00 1.273213370619860896e-01 6.873058155332521834e-04 2.832327088632230721e-04
1.899999999999999911e+00 1.273912324333826840e-01 6.961255155021968313e-04 3.186194032407134100e-04
1.949999999999999956e+00 1.274433187749367258e-01 7.052468197697788366e-04 3.560985810156021714e-04
2.000000000000000000e+00 1.274731669396200751e-01 7.147256708021398940e-04 3.853735645232977351e-04
2.049999999999999822e+00 1.274820874357975031e-01 7.246760066931564985e-04 4.146582149647356141e-04
2.100000000000000089e+00 1.274696059373914558e-01 7.350196232291447826e-04 4.412350387721954148e-04
2.149999999999999911e+00 1.274379124702418042e-01 7.459934838363274732e-04 4.583777879547308609e-04
2.200000000000000178e+00 1.273908398491192251e-01 7.574910014126927729e-04 4.813520574823558387e-04
2.250000000000000000e+00 1.273283886410753463e-01 7.696545066330258292e-04 4.907414501282976417e-04
2.299999999999999822e+00 1.272561421717819941e-01 7.825871349194112080e-04 5.074130656676829497e-04
2.350000000000000089e+00 1.271718771260743064e-01 7.961913756218244641e-04 5.155417748253132877e-04
2.399999999999999911e+00 1.270811194283834600e-01 8.107071078564385448e-04 5.263221499829359761e-04
2.450000000000000178e+00 1.269814773760883364e-01 8.259220904123830767e-04 5.308653625544765059e-04
2.500000000000000000e+00 1.268789133833205240e-01 8.419760435144825212e-04 5.330961759786759062e-04
2.549999999999999822e+00 1.267743335804122073e-01 8.588354530399442766e-04 5.358036572260242063e-04
2.600000000000000089e+00 1.266724963739883081e-01 8.763362746965962192e-04 5.346123931141736566e-04
2.649999999999999911e+00 1.265754552134157052e-01 8.937187984172572730e-04 5.270150804962428449e-04
2.700000000000000178e+00 1.264883821674329112e-01 9.121212545204037802e-04 5.218002914874384597e-04
2.750000000000000000e+00 1.264165434683655054e-01 9.310526564898285659e-04 5.175582851815966473e-04
2.799999999999999822e+00 1.263595019174246215e-01 9.498206414574520253e-04 5.076731231492817228e-04
2.850000000000000089e+00 1.263221960331887550e-01 9.692593151093579704e-04 4.990189852883523697e-04
2.899999999999999911e+00 1.263054136634580438e-01 9.891995738449186996e-04 4.883903592309703874e-04
2.950000000000000178e+00 1.263074614681314323e-01 1.008902279702247363e-03 4.769098851755327229e-04
3.000000000000000000e+00 1.263290177448622986e-01 1.028807121174576955e-03 4.680217665902566024e-04
3.049999999999999822e+00 1.263685501458504667e-01 1.049330598482016777e-03 4.537972442720096620e-04
3.100000000000000089e+00 1.264249615582611341e-01 1.070104123906436867e-03 4.404907578018284284e-04
3.149999999999999911e+00 1.264967652137582166e-01 1.091478719806162701e-03 4.273298396704269396e-04
3.200000000000000178e+00 1.265829087970569145e-01 1.113256866323168552e-03 4.146050693602859258e-04
3.250000000000000000e+00 1.266833737094713863e-01 1.136009308888768403e-03 4.055985484034909825e-04
3.299999999999999822e+00 1.267961512703496552e-01 1.159776513750590196e-03 3.949593478619404900e-04
3.350000000000000089e+00 1.269197309266999751e-01 1.184651189575917137e-03 3.905794471916956769e-04
3.399999999999999911e+00 1.270501585612281992e-01 1.211233858271079135e-03 3.856989459360483691e-04
3.450000000000000178e+00 1.271837470360122901e-01 1.238904967070461995e-03 3.825019147827770781e-04
3.500000000000000000e+00 1.273166225575068922e-01 1.268257354006492805e-03 3.830357349278019322e-04
3.549999999999999822e+00 1.274435492668871683e-01 1.298989386370790573e-03 3.831666082784297386e-04
3.600000000000000089e+00 1.275596464930171814e-01 1.331246565430916403e-03 3.822230331515447718e-04
3.649999999999999911e+00 1.276611952646722614e-01 1.364719507117586987e-03 3.857665741807168132e-04
3.700000000000000178e+00 1.277433065167478954e-01 1.399187072152253660e-03 3.913995346875937453e-04
3.750000000000000000e+00 1.278020986005145299e-01 1.434293784124318107e-03 3.959797236321805692e-04
3.799999999999999822e+00 1.278346841684058488e-01 1.469753919837542364e-03 3.980109976773002771e-04
3.850000000000000089e+00 1.278386243790725907e-01 1.505353278272237574e-03 3.982187413341148514e-04
3.899999999999999911e+00 1.278115274823049541e-01 1.540942049680231940e-03 3.941122060703263407e-04
3.950000000000000178e+00 1.277540513083808560e-01 1.576632103456202709e-03 3.889760909166399094e-04
4.000000000000000000e+00 1.276684928534818353e-01 1.612541849178395457e-03 3.821619038872429964e-04
4.049999999999999822e+00 1.275593683753178387e-01 1.648781916636033124e-03 3.739476532554241632e-04
4.099999999999999645e+00 1.274324435225911434e-01 1.685561215129144667e-03 3.657517519640249445e-04
4.150000000000000355e+00 1.272934778458724159e-01 1.723064067829554753e-03 3.582775187384937277e-04
4.200000000000000178e+00 1.271475293068511370e-01 1.761433255210141180e-03 3.515548068003088687e-04
4.250000000000000000e+00 1.269986252008482031e-01 1.800844576305338967e-03 3.460702280839909558e-04
4.299999999999999822e+00 1.268493965870962359e-01 1.841429236049554148e-03 3.425313165301721672e-04
4.349999999999999645e+00 1.267008221871870899e-01 1.883242448704745484e-03 3.411919030375203240e-04
4.400000000000000355e+00 1.265522662499015683e-01 1.926263857979345663e-03 3.422916102177683980e-04
4.450000000000000178e+00 1.264014847032946531e-01 1.970394950076004726e-03 3.458719723344166864e-04
4.500000000000000000e+00 1.262451228302442774e-01 2.015483649534178384e-03 3.521312304168486263e-04
4.549999999999999822e+00 1.260792258371989938e-01 2.061333355056497920e-03 3.616807160218298467e-04
4.599999999999999645e+00 1.258997841457946687e-01 2.107752966216034328e-03 3.749990322111269327e-04
4.650000000000000355e+00 1.257036927550664596e-01 2.154657330179887698e-03 3.921706019451749736e-04
4.700000000000000178e+00 1.254889993367382384e-01 2.201992940138829038e-03 4.114794139580490138e-04
4.750000000000000000e+00 1.252556327957290994e-01 2.249717100237269042e-03 4.314911823005860778e-04
4.799999999999999822e+00 1.250047950835432020e-01 2.297775635961600820e-03 4.508969834423107691e-04
4.849999999999999645e+00 1.247381749241632531e-01 2.346158181405430272e-03 4.696051655239985882e-04
4.900000000000000355e+00 1.244573649452345998e-01 2.394866360246627069e-03 4.874870988503198464e-04
4.950000000000000178e+00 1.241639427671634155e-01 2.443963496803432545e-03 5.056449122102834107e-04
5.000000000000000000e+00 1.238594416882347476e-01 2.493460399897893739e-03 5.203684158094747450e-04
5.049999999999999822e+00 1.235461073201524901e-01 2.543283057253585902e-03 5.338409848572372648e-04
5.099999999999999645e+00 1.232258759306947282e-01 2.594084340828657371e-03 5.457672130139858526e-04
5.150000000000000355e+00 1.228999330248414790e-01 2.645917599707228122e-03 5.567824148447704296e-04
5.200000000000000178e+00 1.225685225101977860e-01 2.698619589243602020e-03 5.659684606930183741e-04
5.250000000000000000e+00 1.222319120196369291e-01 2.752864435947311502e-03 5.742933240447490673e-04
5.299999999999999822e+00 1.218902715802326758e-01 2.808377741584582726e-03 5.818332398210511718e-04
5.349999999999999645e+00 1.215439386560447088e-01 2.865528915865823718e-03 5.896753622125340630e-04
5.400000000000000355e+00 1.211929233799446393e-01 2.924391450579865229e-03 5.980373310958334151e-04
5.450000000000000178e+00 1.208371580762393344e-01 2.985007337286368564e-03 6.074009761485917730e-04
5.500000000000000000e+00 1.204771059828631252e-01 3.047565743032263231e-03 6.190719947707116685e-04
5.549999999999999822e+00 1.201136575367143244e-01 3.112168234996927525e-03 6.322239186177921935e-04
5.599999999999999645e+00 1.197483439517122716e-01 3.178699903081106965e-03 6.456646151757907369e-04
5.650000000000000355e+00 1.193837144779634069e-01 3.246606134236347269e-03 6.615110883401263816e-04
5.700000000000000178e+00 1.190223498814451802e-01 3.315278064635764251e-03 6.793091396846373487e-04
5.750000000000000000e+00 1.186666906569059099e-01 3.384650481338771690e-03 6.984604591283261011e-04
5.799999999999999822e+00 1.183187564243945861e-01 3.454808521096371966e-03 7.171529964066790429e-04
5.849999999999999645e+00 1.179800423963785760e-01 3.526106639433181523e-03 7.329315905652625251e-04
5.900000000000000355e+00 1.176522680606463117e-01 3.598865771655126652e-03 7.501723254676522998e-04
5.950000000000000178e+00 1.173362897847547437e-01 3.673811050915258905e-03 7.658401001646867115e-04
6.000000000000000000e+00 1.170339145891558519e-01 3.751568987707801228e-03 7.888830896022054184e-04
6.049999999999999822e+00 1.167456258852150180e-01 3.832453068100344796e-03 8.014074671024882732e-04
6.099999999999999645e+00 1.164750771709953808e-01 3.917764533552500587e-03 8.230378985597839670e-04
6.150000000000000355e+00 1.162237788369918784e-01 4.006831609716206104e-03 8.365490688052350720e-04
6.200000000000000178e+00 1.159938444496791815e-01 4.101127230426961784e-03 8.478771246884485042e-04
6.250000000000000000e+00 1.157852517932403957e-01 4.200008355381149722e-03 8.587310724648229351e-04
6.299999999999999822e+00 1.155953404847963745e-01 4.302178326979993681e-03 8.627069608105403719e-04
6.349999999999999645e+00 1.154195509067393044e-01 4.404819803531856426e-03 8.653070993951418035e-04
6.400000000000000355e+00 1.152508312751326369e-01 4.505948460193903889e-03 8.635875881288359668e-04
6.450000000000000178e+00 1.150821719503503648e-01 4.604243687281071515e-03 8.550257543944685861e-04
6.500000000000000000e+00 1.149064905589843033e-01 4.698752818010045601e-03 8.391040198642101249e-04
6.549999999999999822e+00 1.147179819102570886e-01 4.790247419874274319e-03 8.287399325846662784e-04
6.599999999999999645e+00 1.145109916346356144e-01 4.878736832379859320e-03 8.287858860355583595e-04
6.650000000000000355e+00 1.142827355519058508e-01 4.963913931263766108e-03 8.282639360622969914e-04
6.700000000000000178e+00 1.140310341561812379e-01 5.045408858269643214e-03 8.202077916096574793e-04
6.750000000000000000e+00 1.137534756667351044e-01 5.122598097086672811e-03 8.114755975005450046e-04
6.799999999999999822e+00 1.134488825408209028e-01 5.194812773591445283e-03 8.023411778624734824e-04
6.849999999999999645e+00 1.131180663067247183e-01 5.261630948295426338e-03 7.937271784067729012e-04
6.900000000000000355e+00 1.127635118056919822e-01 5.324007323931644053e-03 7.848174315212884736e-04
6.950000000000000178e+00 1.123889967150902836e-01 5.383905125297357153e-03 7.770513495506418608e-04
7.000000000000000000e+00 1.120001786196454796e-01 5.444425535118861681e-03 7.677664727054456630e-04
7.049999999999999822e+00 1.116032151482304335e-01 5.508385597868968066e-03 7.473787655630996073e-04
7.099999999999999645e+00 1.112035304814576603e-01 5.577908260739984636e-03 7.103572997616814082e-04
7.150000000000000355e+00 1.108085477995292972e-01 5.654724387291872913e-03 6.819684670534285117e-04
7.200000000000000178e+00 1.104217667820851928e-01 5.738852024796089676e-03 6.615373890521041370e-04
7.250000000000000000e+00 1.100415811394126891e-01 5.829871900917756554e-03 6.304261209595873015e-04
7.299999999999999822e+00 1.096663928443490782e-01 5.927249068654997372e-03 5.983169538027051067e-04
7.349999999999999645e+00 1.092968521705562218e-01 6.030373119915555247e-03 5.804549630983123600e-04
7.400000000000000355e+00 1.089305878970647928e-01 6.137765200736063943e-03 5.588252487016490003e-04
7.450000000000000178e+00 1.085682462114372221e-01 6.247838523539154219e-03 5.390959063271901245e-04
7.500000000000000000e+00 1.082131174573218863e-01 6.360262545454567137e-03 5.280475146795423876e-04
7.549999999999999822e+00 1.078674305644823916e-01 6.475794173049346548e-03 5.178808866816176368e-04
7.599999999999999645e+00 1.075327372814263438e-01 6.594931251094414415e-03 5.062500424271089991e-04
7.650000000000000355e+00 1.072100748198902970e-01 6.716430649752929208e-03 4.961615669577936014e-04
7.700000000000000178e+00 1.068985675336488472e-01 6.837982934415784593e-03 4.871703878775669651e-04
7.750000000000000000e+00 1.065959193224508827e-01 6.958487695508175537e-03 4.782497774641351527e-04
7.799999999999999822e+00 1.063009043435699519e-01 7.078516998983835733e-03 4.696615876276657260e-04
7.849999999999999645e+00 1.060128846888186843e-01 7.199613877739665345e-03 4.637936792001585138e-04
7.900000000000000355e+00 1.057300392375658260e-01 7.322707198925653208e-03 4.602288646971236085e-04
7.950000000000000178e+00 1.054489117792649783e-01 7.445225835824439801e-03 4.573312398612864888e-04
8.000000000000000000e+00 1.051634693248526681e-01 7.558869728821448683e-03 4.524851768044286029e-04
8.050000000000000711e+00 1.048661026286146769e-01 7.650409084909061928e-03 4.479353432353366912e-04
8.099999999999999645e+00 1.045486886000022153e-01 7.708919078385655446e-03 4.477755290639923516e-04
8.150000000000000355e+00 1.042039550859688024e-01 7.739460511285187888e-03 4.482017454320364239e-04
8.199999999999999289e+00 1.038274581217390052e-01 7.762954302405875376e-03 4.429083233949446621e-04
8.250000000000000000e+00 1.034187582481423950e-01 7.791485986790588382e-03 4.376287377443227903e-04
8.300000000000000711e+00 1.029776104840234296e-01 7.824746184917623359e-03 4.340381896577295514e-04
8.349999999999999645e+00 1.025041167486911431e-01 7.858429738967102895e-03 4.312410115786374223e-04
8.400000000000000355e+00 1.020021815241147489e-01 7.888928203735073863e-03 4.309555384804950127e-04
8.449999999999999289e+00 1.014799617126882630e-01 7.916301615895147969e-03 4.337332908595797508e-04
8.500000000000000000e+00 1.009471258317215098e-01 7.945127344866098965e-03 4.379262576610802376e-04
8.550000000000000711e+00 1.004116228946966699e-01 7.980849941802072023e-03 4.420897098335365696e-04
8.599999999999999645e+00 9.987834347274941738e-02 8.027867335121395206e-03 4.452486731274620576e-04
8.650000000000000355e+00 9.935040526511484948e-02 8.087603558415569494e-03 4.457721740127563938e-04
8.699999999999999289e+00 9.882944815803322569e-02 8.159559035560252915e-03 4.424655771562597010e-04
8.750000000000000000e+00 9.831451041425764981e-02 8.245422770267220314e-03 4.339764810822847744e-04
8.800000000000000711e+00 9.780346164935074804e-02 8.347695370936073986e-03 4.201228021971836128e-04
8.849999999999999645e+00 9.729463487199324634e-02 8.465506333509302886e-03 4.060947739190938683e-04
8.900000000000000355e+00 9.678401641716723180e-02 8.593433500532725658e-03 3.930498456379676606e-04
8.949999999999999289e+00 9.627124037120042555e-02 8.724044135982801651e-03 3.802583327238780891e-04
9.000000000000000000e+00 9.576299097500221014e-02 8.852314555433209858e-03 3.675314021049531097e-04
9.050000000000000711e+00 9.526860837786080283e-02 8.973952437107633393e-03 3.559642306222548635e-04
9.099999999999999645e+00 9.479447488376571695e-02 9.084035191196406650e-03 3.469175791430376436e-04
9.150000000000000355e+00 9.434083406160388707e-02 9.178965835856416067e-03 3.414144129935835670e-04
9.199999999999999289e+00 9.390142668680385996e-02 9.257550938084375611e-03 3.387986180154548563e-04
9.250000000000000000e+00 9.346685352263618685e-02 9.321201349416313037e-03 3.367813108420937909e-04
9.300000000000000711e+00 9.303143558806606372e-02 9.372143332557170484e-03 3.347509447548031218e-04
9.349999999999999645e+00 9.259689525839653879e-02 9.414385047054002129e-03 3.340199785125491606e-04
9.400000000000000355e+00 9.216825117791918598e-02 9.451433647405851554e-03 3.361809340065940142e-04
9.449999999999999289e+00 9.174573884944187130e-02 9.482861963195140381e-03 3.409779739147675835e-04
9.500000000000000000e+00 9.132246962854100036e-02 9.506593748045577552e-03 3.451676938195359060e-04
9.550000000000000711e+00 9.089010669097774553e-02 9.518305506591037690e-03 3.441362945263746293e-04
9.599999999999999645e+00 9.044489056938190275e-02 9.513270192587849200e-03 3.382466154244122237e-04
9.650000000000000355e+00 8.998808930631474468e-02 9.495573028462576254e-03 3.273343189994851188e-04
9.699999999999999289e+00 8.952564826796594044e-02 9.475624292422045111e-03 3.132769792172018721e-04
9.750000000000000000e+00 8.906091054355419478e-02 9.461417906380758386e-03 3.017063965140457738e-04
9.800000000000000711e+00 8.858711846866498818e-02 9.453001790888272346e-03 2.928822888406919841e-04
9.849999999999999645e+00 8.809203608064711255e-02 9.445960750153666388e-03 2.837715156316902767e-04
9.900000000000000355e+00 8.757214377877578504e-02 9.441249062058622646e-03 2.725569190924561919e-04
9.949999999999999289e+00 8.704344275755292182e-02 9.446336195327097868e-03 2.660710138936329830e-04
1.000000000000000000e+01 8.652810743716654596e-02 9.467467502811726526e-03 2.665750606924335701e-04
1.005000000000000071e+01 8.603665089320371162e-02 9.505892390491859495e-03 2.671490627791341045e-04
1.009999999999999964e+01 8.557032290527656626e-02 9.553432409933041228e-03 2.622044131358323873e-04
1.015000000000000036e+01 8.513191540656987744e-02 9.600459378290121873e-03 2.538306795045467876e-04
1.019999999999999929e+01 8.472404878524826544e-02 9.643059012332221014e-03 2.456905040455055977e-04
1.025000000000000000e+01 8.434316289206142403e-02 9.679368824826041495e-03 2.393175291030195755e-04
1.030000000000000071e+01 8.398228860240782023e-02 9.706351966838454998e-03 2.333017540506664384e-04
1.034999999999999964e+01 8.363758821362111961e-02 9.721643240839201311e-03 2.297555365405982172e-04
1.040000000000000036e+01 8.330278318030225060e-02 9.727861569459771846e-03 2.273520591328934343e-04
1.044999999999999929e+01 8.296800387281513811e-02 9.725200666284903803e-03 2.224214679184624305e-04
1.050000000000000000e+01 8.262734719878621348e-02 9.714819282250321611e-03 2.171032431045645127e-04
1.055000000000000071e+01 8.227550623962587295e-02 9.704033859812102522e-03 2.138144889097064714e-04
1.059999999999999964e+01 8.190337752458112797e-02 9.697715676075267799e-03 2.118997513888081191e-04
1.065000000000000036e+01 8.150354859484044978e-02 9.692762332406623660e-03 2.097967651955439945e-04
1.069999999999999929e+01 8.107492752663460200e-02 9.691361210622790809e-03 2.044075585783985786e-04
1.075000000000000000e+01 8.062239293569821441e-02 9.703898321313861666e-03 1.962022420525431866e-04
1.080000000000000071e+01 8.015040254140426423e-02 9.736034079590482823e-03 1.887490930171887237e-04
1.084999999999999964e+01 7.965877477906212201e-02 9.784742367790300738e-03 1.835619320326311677e-04
1.090000000000000036e+01 7.914606261281642574e-02 9.846023680374033776e-03 1.785194629311248875e-04
1.094999999999999929e+01 7.861303451253776053e-02 9.918527346924645161e-03 1.747871662451429015e-04
1.100000000000000000e+01 7.806090651476989273e-02 9.996053234528044090e-03 1.744199550099193290e-04
1.105000000000000071e+01 7.749096748761118147e-02 1.006869391255645063e-02 1.759930594885429102e-04
1.109999999999999964e+01 7.690845180447379581e-02 1.013189232140446032e-02 1.764780222576719832e-04
1.115000000000000036e+01 7.632406143677461507e-02 1.019135605079279222e-02 1.749432738761107773e-04
1.119999999999999929e+01 7.574960361933569253e-02 1.025198141415757831e-02 1.738639870891038803e-04
1.125000000000000000e+01 7.519004106053542302e-02 1.031162364494945041e-02 1.735792138876316858e-04
1.130000000000000071e+01 7.464285347353763478e-02 1.036622651322007677e-02 1.721107286628590586e-04
1.134999999999999964e+01 7.410536730320475829e-02 1.041475729933621225e-02 1.685832127443701435e-04
1.140000000000000036e+01 7.357950130480961359e-02 1.045863671711480189e-02 1.648080943516445375e-04
1.144999999999999929e+01 7.306935803954840714e-02 1.049991986728284268e-02 1.631110871780190803e-04
1.150000000000000000e+01 7.257613034313087352e-02 1.053772320678171732e-02 1.627578194560530089e-04
1.155000000000000071e+01 7.209831631710121591e-02 1.056723493208975781e-02 1.611843650970052884e-04
1.159999999999999964e+01 7.163604954430938254e-02 1.058454096885091435e-02 1.597182065869726716e-04
1.165000000000000036e+01 7.118962278961173118e-02 1.058711932608227303e-02 1.603866680590226444e-04
1.169999999999999929e+01 7.075526813849127017e-02 1.057315183994439467e-02 1.605221441143761052e-04
1.175000000000000000e+01 7.032803376085774993e-02 1.054666847484253024e-02 1.591693785730132090e-04
1.180000000000000071e+01 6.990469913903249455e-02 1.051285161211765878e-02 1.570503611667117675e-04
1.184999999999999964e+01 6.948448395152391488e-02 1.047709530804244102e-02 1.554441899751669159e-04
1.190000000000000036e+01 6.906540015508699781e-02 1.044217340310867742e-02 1.552459800090176306e-04
1.194999999999999929e+01 6.864284988645087682e-02 1.040393993329804569e-02 1.532015501236375879e-04
1.200000000000000000e+01 6.821550225786301991e-02 1.036423202236582720e-02 1.497989027173625084e-04
1.205000000000000071e+01 6.778281279878078935e-02 1.032711528459749964e-02 1.469630164018595074e-04
1.209999999999999964e+01 6.734183069797185228e-02 1.028708955960365434e-02 1.446507826482828986e-04
1.215000000000000036e+01 6.689158446364515398e-02 1.023773854389765231e-02 1.428102661611591084e-04
1.219999999999999929e+01 6.643370331137611606e-02 1.017856369526624200e-02 1.417548728906449225e-04
1.225000000000000000e+01 6.596922770874669162e-02 1.011202862642394257e-02 1.409600854116507395e-04
1.230000000000000071e+01 6.549715116619470034e-02 1.003874870526758577e-02 1.410301038733691853e-04
1.234999999999999964e+01 6.501378820241647538e-02 9.959011929121989667e-03 1.418181490007774449e-04
1.240000000000000036e+01 6.451520983940640941e-02 9.874034363989309462e-03 1.428568851476093315e-04
1.244999999999999929e+01 6.399963135472605535e-02 9.785013092788300004e-03 1.425765222815095429e-04
1.250000000000000000e+01 6.347040679232235361e-02 9.692850564195880370e-03 1.398324609323708023e-04
1.255000000000000071e+01 6.293696377697702293e-02 9.600481688401198144e-03 1.360676793320352018e-04
1.259999999999999964e+01 6.240858896427364799e-02 9.510923230580871357e-03 1.330807250312864931e-04
1.265000000000000036e+01 6.188843024707341156e-02 9.425387258510857166e-03 1.302894787725138344e-04
1.269999999999999929e+01 6.137597388534193898e-02 9.343690558802100060e-03 1.273985172615078800e-04
1.275000000000000000e+01 6.087030116546102848e-02 9.264682558113230756e-03 1.254203501805607659e-04
1.280000000000000071e+01 6.037003862294969270e-02 9.187482261301891870e-03 1.235628628880081374e-04
1.284999999999999964e+01 5.987581270332718864e-02 9.111925306565911431e-03 1.212276645229857613e-04
1.290000000000000036e+01 5.939043968440727711e-02 9.038749164666128391e-03 1.199761710790413460e-04
1.294999999999999929e+01 5.891399641967490219e-02 8.969016063836633690e-03 1.202442232080628686e-04
1.300000000000000000e+01 5.844228718542510831e-02 8.902716218257458736e-03 1.208227650854674359e-04
1.305000000000000071e+01 5.796971951692060643e-02 8.838263070825741821e-03 1.208244086484745093e-04
1.309999999999999964e+01 5.749215771593305796e-02 8.773530674245430191e-03 1.201664375348118627e-04
1.315000000000000036e+01 5.700869477957731107e-02 8.707349881606795891e-03 1.185614086115479232e-04
1.319999999999999929e+01 5.652288204876209504e-02 8.640121918976336607e-03 1.163743100632045843e-04
1.325000000000000000e+01 5.604121671295043960e-02 8.572285529002118820e-03 1.146339598447082840e-04
1.330000000000000071e+01 5.556946368332588843e-02 8.503132691484692474e-03 1.142348696844733128e-04
1.334999999999999964e+01 5.511043840513191183e-02 8.432053820432558813e-03 1.145500126083424090e-04
1.340000000000000036e+01 5.466591484318628069e-02 8.359813237083027482e-03 1.155603739111379306e-04
1.344999999999999929e+01 5.423670868417869440e-02 8.287862101337216403e-03 1.174670879352639072e-04
1.350000000000000000e+01 5.382159458521417611e-02 8.217112083272892428e-03 1.190494613800453935e-04
1.355000000000000071e+01 5.341912937496944708e-02 8.147889258421182196e-03 1.193739764899991277e-04
1.359999999999999964e+01 5.302881267485946154e-02 8.080511611923335211e-03 1.185339246559216934e-04
1.365000000000000036e+01 5.265033003927288568e-02 8.015367300703690051e-03 1.169031799554434795e-04
1.369999999999999929e+01 5.228286437282077259e-02 7.952156958912000306e-03 1.149980609694756288e-04
1.375000000000000000e+01 5.192503223533817547e-02 7.889183720769861463e-03 1.136823773508913247e-04
1.380000000000000071e+01 5.157472332531001791e-02 7.824085923505129728e-03 1.134981767161727042e-04
1.384999999999999964e+01 5.122921272869886133e-02 7.755462689681469346e-03 1.134304665256837289e-04
1.390000000000000036e+01 5.088752195688788643e-02 7.683545111270824110e-03 1.126226086459854251e-04
1.394999999999999929e+01 5.055223450309653810e-02 7.609670967527399146e-03 1.115274599064833169e-04
1.400000000000000000e+01 5.022785068116036866e-02 7.535533900123160544e-03 1.109960372064743576e-04
1.405000000000000071e+01 4.991760506605746883e-02 7.462319842040140115e-03 1.114144080921577914e-04
1.409999999999999964e+01 4.962150031629541241e-02 7.390134875361530249e-03 1.128256516640829029e-04
1.415000000000000036e+01 4.933585818848948423e-02 7.318573268417989316e-03 1.145921351477496028e-04
1.419999999999999929e+01 4.905505942687481830e-02 7.247709180024644246e-03 1.152153298731335972e-04
1.425000000000000000e+01 4.877534281260276910e-02 7.178158663548008661e-03 1.145370137374189762e-04
1.430000000000000071e+01 4.849597739298186494e-02 7.110566135350108313e-03 1.134077433471548333e-04
1.434999999999999964e+01 4.821796702957849984e-02 7.045362332630584860e-03 1.125013774973428052e-04
1.440000000000000036e+01 4.794245643117937133e-02 6.982979714538518901e-03 1.125355751869065057e-04
1.444999999999999929e+01 4.766834275999691506e-02 6.923425017728136212e-03 1.135548844668766142e-04
1.450000000000000000e+01 4.739134664896919175e-02 6.865496882502431820e-03 1.147042884599452255e-04
1.455000000000000071e+01 4.710635253446916748e-02 6.806974384839285797e-03 1.148308087680366966e-04
1.459999999999999964e+01 4.681098470983777182e-02 6.745995798766114306e-03 1.137400383832276861e-04
1.465000000000000036e+01 4.650581919239744899e-02 6.682201180995299937e-03 1.118370967110827118e-04
1.469999999999999929e+01 4.619254472269332390e-02 6.616377006036339506e-03 1.092061728532664743e-04
1.475000000000000000e+01 4.587349966847866639e-02 6.549542821809044638e-03 1.064220856594145034e-04
1.480000000000000071e+01 4.555090759997597327e-02 6.482263626789994300e-03 1.041078913459826845e-04
1.484999999999999964e+01 4.522618391576706254e-02 6.414745839019575513e-03 1.019191518196340784e-04
1.490000000000000036e+01 4.490098517773741249e-02 6.347188736831286225e-03 9.974523369695406942e-05
1.494999999999999929e+01 4.457720817554758352e-02 6.279949744177884194e-03 9.815071981064617430e-05
1.500000000000000000e+01 4.425563426525099681e-02 6.213621232303317109e-03 9.665109488127839163e-05
1.505000000000000071e+01 4.393711483754712127e-02 6.148714378983567187e-03 9.440413324686320890e-05
1.509999999999999964e+01 4.362410260765232223e-02 6.085348806130508673e-03 9.201229464025225909e-05
1.515000000000000036e+01 4.331884349924937372e-02 6.023410807105633938e-03 9.032053661866186218e-05
1.519999999999999929e+01 4.302153362628791111e-02 5.962590024881308202e-03 8.879396300223614264e-05
1.525000000000000000e+01 4.273185186274387759e-02 5.902419343894796215e-03 8.669614168629369061e-05
1.530000000000000071e+01 4.245059133500762166e-02 5.842819599489033899e-03 8.458873101742581590e-05
1.534999999999999964e+01 4.217809658282229562e-02 5.784099196609512536e-03 8.295765474788303916e-05
1.540000000000000036e+01 4.191314504395871748e-02 5.726421884103958214e-03 8.160667527478088039e-05
1.544999999999999929e+01 4.165364419889944908e-02 5.669541240206231805e-03 8.021537292040773317e-05
1.550000000000000000e+01 4.139759699686329508e-02 5.613070900299187149e-03 7.839403266793044901e-05
1.555000000000000071e+01 4.114408466080572702e-02 5.556716229236401301e-03 7.624011562050279781e-05
1.559999999999999964e+01 4.089322518164482945e-02 5.500352865846248884e-03 7.435458721371621007e-05
1.565000000000000036e+01 4.064517751632860942e-02 5.444041936023940806e-03 7.319576838441092814e-05
1.569999999999999929e+01 4.039923143872733990e-02 5.388117013578381902e-03 7.263817231711017068e-05
1.575000000000000000e+01 4.015379729980126516e-02 5.333076022815143834e-03 7.212646453739003421e-05
1.580000000000000071e+01 3.990722859057580646e-02 5.279228980831277701e-03 7.155208966431146622e-05
1.584999999999999964e+01 3.965781856520361748e-02 5.226622549292817173e-03 7.152341431886021189e-05
1.590000000000000036e+01 3.940218860732912221e-02 5.175249905251307764e-03 7.205386046286499141e-05
1.594999999999999929e+01 3.913543729960270584e-02 5.125215107668771274e-03 7.182091901667157427e-05
1.600000000000000000e+01 3.885478040940354427e-02 5.076602156079460491e-03 6.976706339785194826e-05
1.605000000000000071e+01 3.856300925541122915e-02 5.029187003151951857e-03 6.568468075885109498e-05
1.610000000000000142e+01 3.826945029434018070e-02 4.982465921484858194e-03 6.129840400282064012e-05
1.614999999999999858e+01 3.798544526998201554e-02 4.935932149135255874e-03 5.863966008306458166e-05
1.619999999999999929e+01 3.771823059685232987e-02 4.889368209378603704e-03 5.853681836233355683e-05
1.625000000000000000e+01 3.746783614697928033e-02 4.842920872084828521e-03 6.069128017151801025e-05
1.630000000000000071e+01 3.722753238922137803e-02 4.796708275621897923e-03 6.352551523896150755e-05
1.635000000000000142e+01 3.698832645127400620e-02 4.750560363041451094e-03 6.536065177401584607e-05
1.639999999999999858e+01 3.674393549772371481e-02 4.704266312238520112e-03 6.598197746322431083e-05
1.644999999999999929e+01 3.649170577148803246e-02 4.657906993409008552e-03 6.590945619878638400e-05
1.650000000000000000e+01 3.623119524936169178e-02 4.611774863260201945e-03 6.519496559196944559e-05
1.655000000000000071e+01 3.596365893725646939e-02 4.566137637479626872e-03 6.398672330135578756e-05
1.660000000000000142e+01 3.569158490365219316e-02 4.521215508066900486e-03 6.258284696799732848e-05
1.664999999999999858e+01 3.541810207016313911e-02 4.477257444105911012e-03 6.098639023524062138e-05
1.669999999999999929e+01 3.514692000331582494e-02 4.434506841567858321e-03 5.937915072254420210e-05
1.675000000000000000e+01 3.488168759920653311e-02 4.393013607397378353e-03 5.808973049265541859e-05
1.680000000000000071e+01 3.462500045377251562e-02 4.352559116405360813e-03 5.738922768432361341e-05
1.685000000000000142e+01 3.437778022770854314e-02 4.312822099656652731e-03 5.752043604296840681e-05
1.689999999999999858e+01 3.413898567634968823e-02 4.273497923598343871e-03 5.815147262651482841e-05
1.694999999999999929e+01 3.390656563747192903e-02 4.234350782848970984e-03 5.859415309447901744e-05
1.700000000000000000e+01 3.367901746921490858e-02 4.195252664642841640e-03 5.858827701617839691e-05
1.705000000000000071e+01 3.345577927595087819e-02 4.156228095869055408e-03 5.828678750098497888e-05
1.710000000000000142e+01 3.323662983730203691e-02 4.117428008404063269e-03 5.779021049019234760e-05
1.714999999999999858e+01 3.302170218116325107e-02 4.079030272179893189e-03 5.625104208955597582e-05
1.719999999999999929e+01 3.281408065131156959e-02 4.041142459786653367e-03 5.326799697442948889e-05
1.725000000000000000e+01 3.262059548902997153e-02 4.003781328128033952e-03 5.084467231191591328e-05
1.730000000000000071e+01 3.244620192608235754e-02 3.966925191520458832e-03 5.044125778875056516e-05
1.735000000000000142e+01 3.228984215572311411e-02 3.930518355936226706e-03 5.139533026725303126e-05
1.739999999999999858e+01 3.214654777607459796e-02 3.894405671992687713e-03 5.225897964707262389e-05
1.744999999999999929e+01 3.201179823885849651e-02 3.858400571422305851e-03 5.261469470764420917e-05
1.750000000000000000e+01 3.188295942683934403e-02 3.822478838059126249e-03 5.303090281505228954e-05
1.755000000000000071e+01 3.175776216646098576e-02 3.786853923723261257e-03 5.384881745907123555e-05
1.760000000000000142e+01 3.163316367906941762e-02 3.751825752958666202e-03 5.458954360813622272e-05
1.764999999999999858e+01 3.150633933646945078e-02 3.717615554262819737e-03 5.473665640217986977e-05
1.769999999999999929e+01 3.137589793222499840e-02 3.684356471037897665e-03 5.447714589763352696e-05
1.775000000000000000e+01 3.124141985702684823e-02 3.652137883187824268e-03 5.435201148945926331e-05
1.780000000000000071e+01 3.110211504656629558e-02 3.621014463430359716e-03 5.462272385067024657e-05
1.785000000000000142e+01 3.095624689765620954e-02 3.590995416640334250e-03 5.493550464350823023e-05
1.789999999999999858e+01 3.080210307444777168e-02 3.562029949269673694e-03 5.468302161652669548e-05
1.794999999999999929e+01 3.063954314140473340e-02 3.534000339835974714e-03 5.375005875432963372e-05
1.800000000000000000e+01 3.047015961262968323e-02 3.506760646775729153e-03 5.289398849456600985e-05
1.805000000000000071e+01 3.029522107959630589e-02 3.480179926569356742e-03 5.291901589416908434e-05
1.810000000000000142e+01 3.011369312480020530e-02 3.454160288141609487e-03 5.348747588996396926e-05
1.814999999999999858e+01 2.992318971975126488e-02 3.428648143468739778e-03 5.368090331070587235e-05
1.819999999999999929e+01 2.972245824594225289e-02 3.403637376545891411e-03 5.297620569475722962e-05
1.825000000000000000e+01 2.951301815766729092e-02 3.379163559601181931e-03 5.099110832705045502e-05
1.830000000000000071e+01 2.930029681019834589e-02 3.355238439295671424e-03 4.788398704263446359e-05
1.835000000000000142e+01 2.909299294622818416e-02 3.331688958658245853e-03 4.523829604871308765e-05
1.839999999999999858e+01 2.889861836677567672e-02 3.308179722250890239e-03 4.448411282210179557e-05
1.844999999999999929e+01 2.871913762426249461e-02 3.284499158967228456e-03 4.549574888813832804e-05
1.850000000000000000e+01 2.855091509238385020e-02 3.260628776770022226e-03 4.721167452462182566e-05
1.855000000000000071e+01 2.838787359085559805e-02 3.236611680494054684e-03 4.855267605560277430e-05
1.860000000000000142e+01 2.822501187047432927e-02 3.212519880871377194e-03 4.896503988405494435e-05
1.864999999999999858e+01 2.806031374744821782e-02 3.188466161270061584e-03 4.848135977151875472e-05
1.869999999999999929e+01 2.789465906486716246e-02 3.164572830411747657e-03 4.751373171716226124e-05
1.875000000000000000e+01 2.773042769577641758e-02 3.140923259187061028e-03 4.655317974894678537e-05
1.880000000000000071e+01 2.756991807773337411e-02 3.117593890521489983e-03 4.586083052400284681e-05
1.885000000000000142e+01 2.741438880670291761e-02 3.094689947993336902e-03 4.564323179670472469e-05
1.889999999999999858e+01 2.726348783269418041e-02 3.072284623785425869e-03 4.582408017885602721e-05
1.894999999999999929e+01 2.711548220366398476e-02 3.050360160750809589e-03 4.609548469356155030e-05
1.900000000000000000e+01 2.696822095455124468e-02 3.028803907758210231e-03 4.590801810908123919e-05
1.905000000000000071e+01 2.682068240244071117e-02 3.007424269470063746e-03 4.498622624937526559e-05
1.910000000000000142e+01 2.667371851630052221e-02 2.985986214213087742e-03 4.385475187297664310e-05
1.914999999999999858e+01 2.652885339115218510e-02 2.964267041011563533e-03 4.280596713616389325e-05
1.919999999999999929e+01 2.638759627795832577e-02 2.942094720024381396e-03 4.159873892146833508e-05
1.925000000000000000e+01 2.625206758232550078e-02 2.919354172415676227e-03 4.027475390431462855e-05
1.930000000000000071e+01 2.612483736566637016e-02 2.896008922845551541e-03 3.929344138950583522e-05
1.935000000000000142e+01 2.600751510330008218e-02 2.872140836922712145e-03 3.922833410813777392e-05
1.939999999999999858e+01 2.589911244409143568e-02 2.847950878332776003e-03 4.034593637897525411e-05
1.944999999999999929e+01 2.579544868757527309e-02 2.823684647184605736e-03 4.221568824468103549e-05
1.950000000000000000e+01 2.569046115622106857e-02 2.799550915664415860e-03 4.399108327664332532e-05
1.955000000000000071e+01 2.557854739061063074e-02 2.775708007072748198e-03 4.514824769323016605e-05
1.960000000000000142e+01 2.545596922204937038e-02 2.752279072290517159e-03 4.577091712857221423e-05
1.964999999999999858e+01 2.532062815034781533e-02 2.729366285787082798e-03 4.606887034783278546e-05
1.969999999999999929e+01 2.517149074689002675e-02 2.707046855809093142e-03 4.604456786924136438e-05
1.975000000000000000e+01 2.500852193433744652e-02 2.685353436592448090e-03 4.568727002944056477e-05
1.980000000000000071e+01 2.483271968136597022e-02 2.664280879445149290e-03 4.482322875052447775e-05
1.985000000000000142e+01 2.464656566677350669e-02 2.643786582592555327e-03 4.306807696031941915e-05
1.989999999999999858e+01 2.445500645326732780e-02 2.623762769369385010e-03 4.030077418220429607e-05
1.994999999999999929e+01 2.426571443778144377e-02 2.604044243904238623e-03 3.713911311874519019e-05
2.000000000000000000e+01 2.408740195200963219e-02 2.584457374432316389e-03 3.449486179283995616e-05
