# #"Time" "KineticEnergy" "SolenoidalDissipation" "DilatationalDissipation""
2.500000000000000139e-02 1.249915498711634404e-01 4.685405745022581405e-04 6.691241500523028203e-07
5.000000000000000278e-02 1.249897252867231134e-01 4.686231942443555608e-04 1.117272729646356388e-06
7.499999999999999722e-02 1.249943854825105449e-01 4.689292930848023406e-04 2.080043696072971144e-06
1.000000000000000056e-01 1.250052085799397972e-01 4.693804999751591831e-04 3.292806867796025126e-06
1.250000000000000000e-01 1.250218102055369040e-01 4.699806798175996166e-04 4.643543650176434674e-06
1.499999999999999944e-01 1.250437614428810684e-01 4.707327639630238831e-04 6.065029715594572937e-06
1.749999999999999889e-01 1.250706072158645765e-01 4.716382829246867979e-04 7.528262148422072181e-06
2.000000000000000111e-01 1.251018800390884256e-01 4.726972173352260464e-04 9.057445693564658776e-06
2.250000000000000056e-01 1.251371003388194458e-01 4.739085076982155437e-04 1.069547036558651726e-05
2.500000000000000000e-01 1.251757713814731776e-01 4.752711594582069302e-04 1.240368211273016680e-05
2.750000000000000222e-01 1.252173908005934089e-01 4.767844237066310407e-04 1.407724225488345859e-05
2.999999999999999889e-01 1.252614799338625795e-01 4.784466816304484209e-04 1.561710463522467880e-05
3.250000000000000111e-01 1.253076137668686085e-01 4.802544057597696965e-04 1.697571530268032731e-05
3.499999999999999778e-01 1.253554385073948618e-01 4.822019723326229730e-04 1.814491877720865931e-05
3.750000000000000000e-01 1.254046791099244773e-01 4.842819158378552404e-04 1.913349794749956323e-05
4.000000000000000222e-01 1.254551419828785486e-01 4.864852443238487385e-04 1.995746355674054849e-05
4.249999999999999889e-01 1.255067144088679865e-01 4.888017376240168504e-04 2.063745007924444529e-05
4.500000000000000111e-01 1.255593602471053727e-01 4.912202420804533424e-04 2.119770581671036954e-05
4.749999999999999778e-01 1.256131113459123261e-01 4.937289823468745537e-04 2.166545172212500038e-05
5.000000000000000000e-01 1.256680544530972832e-01 4.963159051234105690e-04 2.207050200820231164e-05
5.250000000000000222e-01 1.257243137897458007e-01 4.989690546524798475e-04 2.244484953123173892e-05
5.500000000000000444e-01 1.257820298119913804e-01 5.016769612966891136e-04 2.282191727124882234e-05
5.749999999999999556e-01 1.258413350244518281e-01 5.044290126590930982e-04 2.323539172644086982e-05
5.999999999999999778e-01 1.259023280253168120e-01 5.072157758604589834e-04 2.371773571288940735e-05
6.250000000000000000e-01 1.259650472357170536e-01 5.100292475042078350e-04 2.429855304465309299e-05
6.500000000000000222e-01 1.260294459904544029e-01 5.128630194764264520e-04 2.500297432137449494e-05
6.750000000000000444e-01 1.260953708220040326e-01 5.157123595733719302e-04 2.585019704561273139e-05
6.999999999999999556e-01 1.261625448390841508e-01 5.185742137365741741e-04 2.685227747436874795e-05
7.249999999999999778e-01 1.262305580439278818e-01 5.214471411012346156e-04 2.801325149025797145e-05
7.500000000000000000e-01 1.262988662255229433e-01 5.243311948856716788e-04 2.932865833832329336e-05
7.750000000000000222e-01 1.263667996580479791e-01 5.272277623024273574e-04 3.078554584281664936e-05
8.000000000000000444e-01 1.264335822297725787e-01 5.301393758791527822e-04 3.236303591500472977e-05
8.249999999999999556e-01 1.264983608067268561e-01 5.330695072768139265e-04 3.403351189570094176e-05
8.499999999999999778e-01 1.265602436538320053e-01 5.360223531517840055e-04 3.576444483474188222e-05
8.750000000000000000e-01 1.266183456698199705e-01 5.390026210215728307e-04 3.752080079352162892e-05
9.000000000000000222e-01 1.266718371672322929e-01 5.420153215780737065e-04 3.926787189079186658e-05
9.250000000000000444e-01 1.267199921320425471e-01 5.450655725236719850e-04 4.097426820673717880e-05
9.499999999999999556e-01 1.267622314974432840e-01 5.481584178018965737e-04 4.261472426998079752e-05
9.749999999999999778e-01 1.267981571392156059e-01 5.512986650050152263e-04 4.417234384547192130e-05
1.000000000000000000e+00 1.268275731048779664e-01 5.544907427229918721e-04 4.563995145870284844e-05
1.024999999999999911e+00 1.268504919782280915e-01 5.577385785950172807e-04 4.702033855183981539e-05
1.050000000000000044e+00 1.268671260698465697e-01 5.610454978565394477e-04 4.832536236670421123e-05
1.074999999999999956e+00 1.268778650242602390e-01 5.644141412966565113e-04 4.957403799102030623e-05
1.100000000000000089e+00 1.268832431287737483e-01 5.678464008833542876e-04 5.078992179289343762e-05
1.125000000000000000e+00 1.268839008221402664e-01 5.713433710099343442e-04 5.199819558089075605e-05
1.149999999999999911e+00 1.268805454293032986e-01 5.749053134787391814e-04 5.322291769010189421e-05
1.175000000000000044e+00 1.268739158917451260e-01 5.785316350116773230e-04 5.448490455845604054e-05
1.199999999999999956e+00 1.268647552303737158e-01 5.822208771937585408e-04 5.580062888537213749e-05
1.225000000000000089e+00 1.268537927962606893e-01 5.859707201500714141e-04 5.718234802570804727e-05
1.250000000000000000e+00 1.268417363296030220e-01 5.897780026658437863e-04 5.863941429100669151e-05
1.274999999999999911e+00 1.268292718853335777e-01 5.936387625698990016e-04 6.018043123487587553e-05
1.300000000000000044e+00 1.268170682847266917e-01 5.975483017275837194e-04 6.181571986555355004e-05
1.324999999999999956e+00 1.268057822600239803e-01 6.015012797211239217e-04 6.355954082380776764e-05
1.350000000000000089e+00 1.267960609009023687e-01 6.054918391669343938e-04 6.543168709692691201e-05
1.375000000000000000e+00 1.267885391423478614e-01 6.095137637104926362e-04 6.745832691172836358e-05
1.399999999999999911e+00 1.267838314047548820e-01 6.135606672387802600e-04 6.967222255942761308e-05
1.425000000000000044e+00 1.267825177318882279e-01 6.176262100074382229e-04 7.211260908060649721e-05
1.449999999999999956e+00 1.267851256420835793e-01 6.217043344388367004e-04 7.482508535278612090e-05
1.475000000000000089e+00 1.267921093659242493e-01 6.257895105530042468e-04 7.786189076869050405e-05
1.500000000000000000e+00 1.268038282651686999e-01 6.298769785738113098e-04 8.128296558686998110e-05
1.524999999999999911e+00 1.268205261158291131e-01 6.339629744801640555e-04 8.515826716662560129e-05
1.550000000000000044e+00 1.268423127221176283e-01 6.380449234320985201e-04 8.957197255600476515e-05
1.574999999999999956e+00 1.268691491025965568e-01 6.421215864129044010e-04 9.462948270404012818e-05
1.600000000000000089e+00 1.269008373925462341e-01 6.461931473203002575e-04 1.004686641517036998e-04
1.625000000000000000e+00 1.269370167903834945e-01 6.502612311289704145e-04 1.072777796623268021e-04
1.649999999999999911e+00 1.269771673033246728e-01 6.543288483571814071e-04 1.153243224371544730e-04
1.675000000000000044e+00 1.270206232676282521e-01 6.584002665853767779e-04 1.250007184679998318e-04
1.699999999999999956e+00 1.270665976068703351e-01 6.624808162782573487e-04 1.368904018739704068e-04
1.725000000000000089e+00 1.271142148702638086e-01 6.665766475764394079e-04 1.518400030097836757e-04
1.750000000000000000e+00 1.271625479571521222e-01 6.706944687420036532e-04 1.709739480399002909e-04
1.774999999999999911e+00 1.272106534184422322e-01 6.748413117793825022e-04 1.955432828638731745e-04
1.800000000000000044e+00 1.272576030630152566e-01 6.790243852504499996e-04 2.264987826434662556e-04
1.824999999999999956e+00 1.273025163547135963e-01 6.832510100563376609e-04 2.640047172472259423e-04
1.850000000000000089e+00 1.273445798073662427e-01 6.875287200162710733e-04 3.075320011952135339e-04
1.875000000000000000e+00 1.273830677334917838e-01 6.918652221604133876e-04 3.554458661421085793e-04
1.899999999999999911e+00 1.274173751205671667e-01 6.962678914800926339e-04 4.059311471672845438e-04
1.925000000000000044e+00 1.274469996761763424e-01 7.007442243834520294e-04 4.576231139679293788e-04
1.949999999999999956e+00 1.274715667285490905e-01 7.053018200199585950e-04 5.094581196948274682e-04
1.975000000000000089e+00 1.274907876373035931e-01 7.099478563378215602e-04 5.611061843476636713e-04
2.000000000000000000e+00 1.275044726092601222e-01 7.146898547438467874e-04 6.109431234541262299e-04
2.024999999999999911e+00 1.275125705787213404e-01 7.195350289625638890e-04 6.600128920564020223e-04
2.049999999999999822e+00 1.275151099093491114e-01 7.244903774082922781e-04 7.063001452418393722e-04
2.075000000000000178e+00 1.275122584829805339e-01 7.295642297336598671e-04 7.504926857916871747e-04
2.100000000000000089e+00 1.275042680143378682e-01 7.347627517650835846e-04 7.929274164736853110e-04
2.125000000000000000e+00 1.274914225128013778e-01 7.400949564806070169e-04 8.307956101307353803e-04
2.149999999999999911e+00 1.274741294108098499e-01 7.455663583226851323e-04 8.694971055141650050e-04
2.174999999999999822e+00 1.274526515052420983e-01 7.511850620416226244e-04 9.016452420561109045e-04
2.200000000000000178e+00 1.274274087351514040e-01 7.569584005294018123e-04 9.352575354889268488e-04
2.225000000000000089e+00 1.273986189294373517e-01 7.628923571828636219e-04 9.632220160943689080e-04
2.250000000000000000e+00 1.273666084258584241e-01 7.689956493952195297e-04 9.907541973741900657e-04
2.274999999999999911e+00 1.273315725929569375e-01 7.752723000106925312e-04 1.014977011318114871e-03
2.299999999999999822e+00 1.272937302379869018e-01 7.817307557634194147e-04 1.036940085182868655e-03
2.325000000000000178e+00 1.272532705939374842e-01 7.883751312787352916e-04 1.057122062065172846e-03
2.350000000000000089e+00 1.272103592186467624e-01 7.952095436863601020e-04 1.074274963188509048e-03
2.375000000000000000e+00 1.271652051381534088e-01 8.022363217292877505e-04 1.090305065083521218e-03
2.399999999999999911e+00 1.271179947005584843e-01 8.094566266649053619e-04 1.103214091348490985e-03
2.424999999999999822e+00 1.270690006120130389e-01 8.168687760160537161e-04 1.115162697838241023e-03
2.450000000000000178e+00 1.270184904786292590e-01 8.244725923221267070e-04 1.124173434569820463e-03
2.475000000000000089e+00 1.269668168800417440e-01 8.322625270760909515e-04 1.132378085204982249e-03
2.500000000000000000e+00 1.269143291773507376e-01 8.402362508233636625e-04 1.137619243961671481e-03
2.524999999999999911e+00 1.268614518787944678e-01 8.483859657440915789e-04 1.142562634299974919e-03
2.549999999999999822e+00 1.268085867572808501e-01 8.567069597265800475e-04 1.143927391293254837e-03
2.575000000000000178e+00 1.267562305727042149e-01 8.651912469256785440e-04 1.146299406450998438e-03
2.600000000000000089e+00 1.267048006375553204e-01 8.738319213749491448e-04 1.143629825460084140e-03
2.625000000000000000e+00 1.266548613979248394e-01 8.826206531099160596e-04 1.143453938612947135e-03
2.649999999999999911e+00 1.266068336688913332e-01 8.915476273126842410e-04 1.138276787303038867e-03
2.674999999999999822e+00 1.265612741757649873e-01 9.006059381521481578e-04 1.133773730951361317e-03
2.700000000000000178e+00 1.265186473313951732e-01 9.097857556138479445e-04 1.128743913328799069e-03
2.725000000000000089e+00 1.264793760557658964e-01 9.190788794090622117e-04 1.119532459911715605e-03
2.750000000000000000e+00 1.264439221674110714e-01 9.284768579156661532e-04 1.111354832236247743e-03
2.774999999999999911e+00 1.264126353323226926e-01 9.379717433694168124e-04 1.103210138009308276e-03
2.799999999999999822e+00 1.263857891238294451e-01 9.475562383442592655e-04 1.092469937582063845e-03
2.825000000000000178e+00 1.263636321668746010e-01 9.572252082070916747e-04 1.079997654213366281e-03
2.850000000000000089e+00 1.263463450374547326e-01 9.669715784628352042e-04 1.067193483975279258e-03
2.875000000000000000e+00 1.263340330352075436e-01 9.767897010126034771e-04 1.054216933468705942e-03
2.899999999999999911e+00 1.263267343387706187e-01 9.866781526383420174e-04 1.040645207748457307e-03
2.924999999999999822e+00 1.263244281408842651e-01 9.966346110253652187e-04 1.026254530370351902e-03
2.950000000000000178e+00 1.263270405912771954e-01 1.006657707897829759e-03 1.011117748788819756e-03
2.975000000000000089e+00 1.263344541959231793e-01 1.016748819226631888e-03 9.954225254397896985e-04
3.000000000000000000e+00 1.263465233906172214e-01 1.026911540494620557e-03 9.795447505523042792e-04
3.024999999999999911e+00 1.263630860320990867e-01 1.037151072809501745e-03 9.636709479331330517e-04
3.049999999999999822e+00 1.263839657047065024e-01 1.047477371775312359e-03 9.470125688669213480e-04
3.075000000000000178e+00 1.264089898755773878e-01 1.057903218262799773e-03 9.286552933845086547e-04
3.100000000000000089e+00 1.264380385678960106e-01 1.068439767611562225e-03 9.105216423864476031e-04
3.125000000000000000e+00 1.264710160533431826e-01 1.079107653359824299e-03 8.935465492060757449e-04
3.149999999999999911e+00 1.265078258771682174e-01 1.089926225582166838e-03 8.745354295344442150e-04
3.174999999999999822e+00 1.265484444774920003e-01 1.100917548371944509e-03 8.562847668152245070e-04
3.200000000000000178e+00 1.265928011151263577e-01 1.112107262531935627e-03 8.384981120958400098e-04
3.225000000000000089e+00 1.266407857578014939e-01 1.123520745686982895e-03 8.195841943452250719e-04
3.250000000000000000e+00 1.266922765471972523e-01 1.135182399462064543e-03 8.026174490274570793e-04
3.274999999999999911e+00 1.267470412002876523e-01 1.147112177373492241e-03 7.842220368002017754e-04
3.299999999999999822e+00 1.268048486064653757e-01 1.159325485275621665e-03 7.681592306638776761e-04
3.325000000000000178e+00 1.268653502241941233e-01 1.171834457420482204e-03 7.512340430839686140e-04
3.350000000000000089e+00 1.269281930000288328e-01 1.184648274747451087e-03 7.363461903296411809e-04
3.375000000000000000e+00 1.269929393448401278e-01 1.197777647381735805e-03 7.215857974163372365e-04
3.399999999999999911e+00 1.270591248115524596e-01 1.211233890142466392e-03 7.081832195344031676e-04
3.424999999999999822e+00 1.271262416879180845e-01 1.225033094440732516e-03 6.964700639840157087e-04
3.450000000000000178e+00 1.271936903133755459e-01 1.239185756383085358e-03 6.835178560146595687e-04
3.475000000000000089e+00 1.272609368516132156e-01 1.253702541207894674e-03 6.745060073489004149e-04
3.500000000000000000e+00 1.273272859363351051e-01 1.268592722751054561e-03 6.632198464625980875e-04
3.524999999999999911e+00 1.273921578312292580e-01 1.283851062542089479e-03 6.548660033565100987e-04
3.549999999999999822e+00 1.274548828405095147e-01 1.299476109458192006e-03 6.456502696797543307e-04
3.575000000000000178e+00 1.275148696301039442e-01 1.315452076894871270e-03 6.371315472534479435e-04
3.600000000000000089e+00 1.275715228018816649e-01 1.331766801087360362e-03 6.296540020571410236e-04
3.625000000000000000e+00 1.276242310815723646e-01 1.348398678636294730e-03 6.213744204620161738e-04
3.649999999999999911e+00 1.276724422955885507e-01 1.365321520415454723e-03 6.141279320667673109e-04
3.674999999999999822e+00 1.277156495623057719e-01 1.382503175811143625e-03 6.072184309482691212e-04
3.700000000000000178e+00 1.277534309746697627e-01 1.399899911020474792e-03 5.998953535877809369e-04
3.725000000000000089e+00 1.277854338065954054e-01 1.417458864064246931e-03 5.927403231229982136e-04
3.750000000000000000e+00 1.278112869616597758e-01 1.435128398811502844e-03 5.860828679459519032e-04
3.774999999999999911e+00 1.278305650914553504e-01 1.452863040811644196e-03 5.791641581775183517e-04
3.799999999999999822e+00 1.278428574260324357e-01 1.470625923917396076e-03 5.717674005388834624e-04
3.825000000000000178e+00 1.278478078910848248e-01 1.488396968608139996e-03 5.642926390571665436e-04
3.850000000000000089e+00 1.278451296250568692e-01 1.506167619081679680e-03 5.564105305862176694e-04
3.875000000000000000e+00 1.278346464418573247e-01 1.523937683855183583e-03 5.477877046030334629e-04
3.899999999999999911e+00 1.278163124328711986e-01 1.541716245862335098e-03 5.388185870855523090e-04
3.924999999999999822e+00 1.277902197338407764e-01 1.559517614127253239e-03 5.294077499672129742e-04
3.950000000000000178e+00 1.277566163425799539e-01 1.577358455018838855e-03 5.194804244459373882e-04
3.975000000000000089e+00 1.277159115677932166e-01 1.595258847672084658e-03 5.093771185489459272e-04
4.000000000000000000e+00 1.276686514486791435e-01 1.613238032014487544e-03 4.990213027134450139e-04
4.025000000000000355e+00 1.276154912491329063e-01 1.631315758365235562e-03 4.886174629699235753e-04
4.049999999999999822e+00 1.275571530633606010e-01 1.649510839056893058e-03 4.781581609948625813e-04
4.075000000000000178e+00 1.274943859123159329e-01 1.667841062216757556e-03 4.678259499116393114e-04
4.099999999999999645e+00 1.274279374119360042e-01 1.686326590927637913e-03 4.575997047271084775e-04
4.125000000000000000e+00 1.273585119367344198e-01 1.704988267901353608e-03 4.475732483716274562e-04
4.150000000000000355e+00 1.272867680350318609e-01 1.723848955157882305e-03 4.377922982654854425e-04
4.174999999999999822e+00 1.272133011723635687e-01 1.742932194764580320e-03 4.283598687573248777e-04
4.200000000000000178e+00 1.271386474135797473e-01 1.762260600097943211e-03 4.192674374062334893e-04
4.224999999999999645e+00 1.270632740346482048e-01 1.781854468875826436e-03 4.106680025644163907e-04
4.250000000000000000e+00 1.269875747612677630e-01 1.801731762167037374e-03 4.025840790801158212e-04
4.275000000000000355e+00 1.269118513307767038e-01 1.821906149069400143e-03 3.950834776436386287e-04
4.299999999999999822e+00 1.268363008564337979e-01 1.842387265792785802e-03 3.882559387337823869e-04
4.325000000000000178e+00 1.267610110866371487e-01 1.863180615399323819e-03 3.820690806714992292e-04
4.349999999999999645e+00 1.266859530840301895e-01 1.884286647768749438e-03 3.765823956755775690e-04
4.375000000000000000e+00 1.266109916630666632e-01 1.905701835004583802e-03 3.718067466236243328e-04
4.400000000000000355e+00 1.265358926303451759e-01 1.927417771561886276e-03 3.677275748563260996e-04
4.424999999999999822e+00 1.264603380238404629e-01 1.949421681271633084e-03 3.643545489433017864e-04
4.450000000000000178e+00 1.263839389171917127e-01 1.971696221981983355e-03 3.617120494374830605e-04
4.474999999999999645e+00 1.263062467849813408e-01 1.994218891216587367e-03 3.598249597741233117e-04
4.500000000000000000e+00 1.262267699781805252e-01 2.016964333304349828e-03 3.587269576664403104e-04
4.525000000000000355e+00 1.261449894059915033e-01 2.039905837619153568e-03 3.584503968583158074e-04
4.549999999999999822e+00 1.260603786631254442e-01 2.063017189032689130e-03 3.590739279491390336e-04
4.575000000000000178e+00 1.259724281330127371e-01 2.086275577852211242e-03 3.606920045912556747e-04
4.599999999999999645e+00 1.258806711159413672e-01 2.109662272436253240e-03 3.634242858060315060e-04
4.625000000000000000e+00 1.257847143532708212e-01 2.133162412609090203e-03 3.674096638553601339e-04
4.650000000000000355e+00 1.256842664373107321e-01 2.156764524632307899e-03 3.728284803732822379e-04
4.674999999999999822e+00 1.255791537848999773e-01 2.180460339356796087e-03 3.799022787107242003e-04
4.700000000000000178e+00 1.254693214471917506e-01 2.204245052298210543e-03 3.888098179300868845e-04
4.724999999999999645e+00 1.253548214104957814e-01 2.228116580528149027e-03 3.996205165162246471e-04
4.750000000000000000e+00 1.252357911401195401e-01 2.252075637181405812e-03 4.122588503239967982e-04
4.775000000000000355e+00 1.251124232329893782e-01 2.276125482655334039e-03 4.264484204258042039e-04
4.799999999999999822e+00 1.249849316169275026e-01 2.300271047036948988e-03 4.417304293068446183e-04
4.825000000000000178e+00 1.248535264889942542e-01 2.324517492671293421e-03 4.575405659920943249e-04
4.849999999999999645e+00 1.247183989532059112e-01 2.348866724113759206e-03 4.733798153988027406e-04
4.875000000000000000e+00 1.245797152996528934e-01 2.373315737136727065e-03 4.889323187143599985e-04
4.900000000000000355e+00 1.244376224913867207e-01 2.397856486758973699e-03 5.039885342516936930e-04
4.924999999999999822e+00 1.242922702368814553e-01 2.422479535188176714e-03 5.184008320091379332e-04
4.950000000000000178e+00 1.241438451666617704e-01 2.447179552977468350e-03 5.320562271994277179e-04
4.974999999999999645e+00 1.239925984977744561e-01 2.471961330372869203e-03 5.449117522636515729e-04
5.000000000000000000e+00 1.238388408956816455e-01 2.496843514916690775e-03 5.569716534540930996e-04
5.025000000000000355e+00 1.236828991920920079e-01 2.521857030790852251e-03 5.682749972766760766e-04
5.049999999999999822e+00 1.235250628292560576e-01 2.547039861635858222e-03 5.788576564708637845e-04
5.075000000000000178e+00 1.233655512514524183e-01 2.572429398236272292e-03 5.887582701546489666e-04
5.099999999999999645e+00 1.232045105797005824e-01 2.598056151946366143e-03 5.980027446363237777e-04
5.125000000000000000e+00 1.230420268743764589e-01 2.623941171778278528e-03 6.066207678357022357e-04
5.150000000000000355e+00 1.228781426592031462e-01 2.650097585962794041e-03 6.146750191891624856e-04
5.174999999999999822e+00 1.227128750709816779e-01 2.676535455637349317e-03 6.221854400393931955e-04
5.200000000000000178e+00 1.225462387453298968e-01 2.703267928498098802e-03 6.291965833265567064e-04
5.224999999999999645e+00 1.223782725132769034e-01 2.730312198063620990e-03 6.357004984727246876e-04
5.250000000000000000e+00 1.222090468194801383e-01 2.757692536556715247e-03 6.418187762524030140e-04
5.275000000000000355e+00 1.220386390675557708e-01 2.785436316928098857e-03 6.476084539556178172e-04
5.299999999999999822e+00 1.218671015466097768e-01 2.813570466591772644e-03 6.531699639585712702e-04
5.325000000000000178e+00 1.216944465691922189e-01 2.842115988750447061e-03 6.585571182411513978e-04
5.349999999999999645e+00 1.215206539873033703e-01 2.871083692849788361e-03 6.637933578418596381e-04
5.375000000000000000e+00 1.213456899075536083e-01 2.900473101383249652e-03 6.689736145918141882e-04
5.400000000000000355e+00 1.211695238043321299e-01 2.930277253726671846e-03 6.741559005605814690e-04
5.424999999999999822e+00 1.209921442242339190e-01 2.960493052005040270e-03 6.794057251152116946e-04
5.450000000000000178e+00 1.208135726054897496e-01 2.991132892978930462e-03 6.848588507238310020e-04
5.474999999999999645e+00 1.206338718117913184e-01 3.022225545221590877e-03 6.906299442391172381e-04
5.500000000000000000e+00 1.204531504828482841e-01 3.053807056444929856e-03 6.968285475171433077e-04
5.525000000000000355e+00 1.202715628662845149e-01 3.085902719738806057e-03 7.035500116599723019e-04
5.549999999999999822e+00 1.200893075556959955e-01 3.118511489908268926e-03 7.108240728978125521e-04
5.575000000000000178e+00 1.199066277028759953e-01 3.151598812895099570e-03 7.186433689439582131e-04
5.599999999999999645e+00 1.197238074608612812e-01 3.185100935320951936e-03 7.269606012025906601e-04
5.625000000000000000e+00 1.195411614730255701e-01 3.218938086407433473e-03 7.357387490395922826e-04
5.650000000000000355e+00 1.193590179510647387e-01 3.253030969956307618e-03 7.449502801813651705e-04
5.674999999999999822e+00 1.191777006604243100e-01 3.287315183351165269e-03 7.546068923133134130e-04
5.700000000000000178e+00 1.189975159397581583e-01 3.321750895345030371e-03 7.647133450293040454e-04
5.724999999999999645e+00 1.188187495326856191e-01 3.356325797471799814e-03 7.753014420675754127e-04
5.750000000000000000e+00 1.186416705931769705e-01 3.391053019008541045e-03 7.864054964462412157e-04
5.775000000000000355e+00 1.184665367025882071e-01 3.425965899263974049e-03 7.980445031731506385e-04
5.799999999999999822e+00 1.182935932440450366e-01 3.461112283909460307e-03 8.102459748828551257e-04
5.825000000000000178e+00 1.181230657271808010e-01 3.496548394385899736e-03 8.230045474680082202e-04
5.849999999999999645e+00 1.179551489576697310e-01 3.532334127228386935e-03 8.362819538975601414e-04
5.875000000000000000e+00 1.177900003446266108e-01 3.568530044235376092e-03 8.500772351428168656e-04
5.900000000000000355e+00 1.176277430851478123e-01 3.605196856686234286e-03 8.642801089343266595e-04
5.924999999999999822e+00 1.174684825746808159e-01 3.642396298270614372e-03 8.788770728730014919e-04
5.950000000000000178e+00 1.173123253016965517e-01 3.680193238695938021e-03 8.937914764435844631e-04
5.974999999999999645e+00 1.171594034801237277e-01 3.718656620773981136e-03 9.088749507151078211e-04
6.000000000000000000e+00 1.170098939612507771e-01 3.757862267278687732e-03 9.240856667907792208e-04
6.025000000000000355e+00 1.168640275306534054e-01 3.797893166786525665e-03 9.392629718538955978e-04
6.049999999999999822e+00 1.167220904445275681e-01 3.838842167946131690e-03 9.541834378374915724e-04
6.075000000000000178e+00 1.165844149333424840e-01 3.880810061005468201e-03 9.686808050035324502e-04
6.099999999999999645e+00 1.164513573733856888e-01 3.923896341022191023e-03 9.824759102346433161e-04
6.125000000000000000e+00 1.163232663392322203e-01 3.968190608563599599e-03 9.953003130198339720e-04
6.150000000000000355e+00 1.162004419826669632e-01 4.013759199494961773e-03 1.006888780285226026e-03
6.174999999999999822e+00 1.160830941598280375e-01 4.060627570561336705e-03 1.016976915790291855e-03
6.200000000000000178e+00 1.159713056844659113e-01 4.108765763849078073e-03 1.025397043749399009e-03
6.224999999999999645e+00 1.158650053062709046e-01 4.158072540010470872e-03 1.031987538153043664e-03
6.250000000000000000e+00 1.157639553907443830e-01 4.208375180084839712e-03 1.036685586917883515e-03
6.275000000000000355e+00 1.156677465097862290e-01 4.259433158425963289e-03 1.039534306343557453e-03
6.299999999999999822e+00 1.155758079481893214e-01 4.310960788715601476e-03 1.040602848602429709e-03
6.325000000000000178e+00 1.154874305964913167e-01 4.362656209560372873e-03 1.040024139194429056e-03
6.349999999999999645e+00 1.154017949228640649e-01 4.414230255188886405e-03 1.038004574208025669e-03
6.375000000000000000e+00 1.153180097259464687e-01 4.465428126528422741e-03 1.034718625978712234e-03
6.400000000000000355e+00 1.152351452949573335e-01 4.516039821215963625e-03 1.030466704746504491e-03
6.424999999999999822e+00 1.151522642846219274e-01 4.565901187062990779e-03 1.025564717192173781e-03
6.450000000000000178e+00 1.150684526745811981e-01 4.614892567641072814e-03 1.020313976879697266e-03
6.474999999999999645e+00 1.149828421156154912e-01 4.662941295646305488e-03 1.015217552705144138e-03
6.500000000000000000e+00 1.148946318860864235e-01 4.710027180379983830e-03 1.010670228720118771e-03
6.525000000000000355e+00 1.148031036903266744e-01 4.756184389042027866e-03 1.007040562420297679e-03
6.549999999999999822e+00 1.147076184982550318e-01 4.801485161705931932e-03 1.004851186415908282e-03
6.575000000000000178e+00 1.146076114951283670e-01 4.846012019221961932e-03 1.004304449265327982e-03
6.599999999999999645e+00 1.145025826047873091e-01 4.889821831127483601e-03 1.005529586970806176e-03
6.625000000000000000e+00 1.143920818210812235e-01 4.932922896813397157e-03 1.008602482013520830e-03
6.650000000000000355e+00 1.142757222701678982e-01 4.975263374318456173e-03 1.012973932321619992e-03
6.674999999999999822e+00 1.141531686688191244e-01 5.016743250858417963e-03 1.018447006797214283e-03
6.700000000000000178e+00 1.140241523820208353e-01 5.057230121490283344e-03 1.024366053463745662e-03
6.724999999999999645e+00 1.138884661824326044e-01 5.096582833233696992e-03 1.029716763796022921e-03
6.750000000000000000e+00 1.137459731129347312e-01 5.134665705860971298e-03 1.034182422642334134e-03
6.775000000000000355e+00 1.135966259521315747e-01 5.171366826395388042e-03 1.037407055505900613e-03
6.799999999999999822e+00 1.134404732766561147e-01 5.206623252517601080e-03 1.038850876173091778e-03
6.825000000000000178e+00 1.132776711461367103e-01 5.240446382383379467e-03 1.038264489974972168e-03
6.849999999999999645e+00 1.131084788216161485e-01 5.272940067415765944e-03 1.035757960013143197e-03
6.875000000000000000e+00 1.129332633591722673e-01 5.304307921280269379e-03 1.031679469037771919e-03
6.900000000000000355e+00 1.127524999233661257e-01 5.334836327860830417e-03 1.026324753690278056e-03
6.924999999999999822e+00 1.125667854255647388e-01 5.364859787844761252e-03 1.020004834205610542e-03
6.950000000000000178e+00 1.123768039405345920e-01 5.394730906765471228e-03 1.012559617626539003e-03
6.974999999999999645e+00 1.121833392433589371e-01 5.424804865631449417e-03 1.003916078414477048e-03
7.000000000000000000e+00 1.119872189121437212e-01 5.455425979242863738e-03 9.945704839316022155e-04
7.025000000000000355e+00 1.117892772417166253e-01 5.486928586981957255e-03 9.846851512622378788e-04
7.049999999999999822e+00 1.115903442931594353e-01 5.519618176547374383e-03 9.731948643697251348e-04
7.075000000000000178e+00 1.113912044282420605e-01 5.553755299314799138e-03 9.609300154363154510e-04
7.099999999999999645e+00 1.111925591612351188e-01 5.589544854593987699e-03 9.472015445600845797e-04
7.125000000000000000e+00 1.109949908352224207e-01 5.627121757420536566e-03 9.319057145687110761e-04
7.150000000000000355e+00 1.107989239822025351e-01 5.666560432011464969e-03 9.154382078806521175e-04
7.174999999999999822e+00 1.106046038413769500e-01 5.707872021893126320e-03 8.974126320666982355e-04
7.200000000000000178e+00 1.104121051266556547e-01 5.751022057507362319e-03 8.775912959223206586e-04
7.224999999999999645e+00 1.102213499218574755e-01 5.795955374138429643e-03 8.559466970742506510e-04
7.250000000000000000e+00 1.100321470063529011e-01 5.842604618351470228e-03 8.326310492331685581e-04
7.275000000000000355e+00 1.098442339079803848e-01 5.890873399859265086e-03 8.076312472410790162e-04
7.299999999999999822e+00 1.096573398548644079e-01 5.940621662203921134e-03 7.812215050362284613e-04
7.325000000000000178e+00 1.094712574065313665e-01 5.991693403796670772e-03 7.538134903959871520e-04
7.349999999999999645e+00 1.092859122334397387e-01 6.043948952642676925e-03 7.261511057076132022e-04
7.375000000000000000e+00 1.091013948677806156e-01 6.097245135942648032e-03 6.990199637001206232e-04
7.400000000000000355e+00 1.089179036313435017e-01 6.151406939452135764e-03 6.733573793252436036e-04
7.424999999999999822e+00 1.087356767090153914e-01 6.206263486754324404e-03 6.497942055108432398e-04
7.450000000000000178e+00 1.085549912728252797e-01 6.261728405855683521e-03 6.287121887224201991e-04
7.474999999999999645e+00 1.083761785928741977e-01 6.317838180159014543e-03 6.103656079767824996e-04
7.500000000000000000e+00 1.081995869166217789e-01 6.374704860019119422e-03 5.948736344725329920e-04
7.525000000000000355e+00 1.080255159687018018e-01 6.432437719694280784e-03 5.821485313672747222e-04
7.549999999999999822e+00 1.078541904087411268e-01 6.491105564988538211e-03 5.718259194387064663e-04
7.575000000000000178e+00 1.076857781445723916e-01 6.550716764121170682e-03 5.633468402817380129e-04
7.599999999999999645e+00 1.075203953144256985e-01 6.611182400446705479e-03 5.558970916230464646e-04
7.625000000000000000e+00 1.073580764953745575e-01 6.672294141826569207e-03 5.487411962175974510e-04
7.650000000000000355e+00 1.071987320086220247e-01 6.733766327377088516e-03 5.414333846698719289e-04
7.674999999999999822e+00 1.070421431494643916e-01 6.795307164260883971e-03 5.338240944052086026e-04
7.700000000000000178e+00 1.068880171245196881e-01 6.856668739680026221e-03 5.259346610580541452e-04
7.724999999999999645e+00 1.067360731772379889e-01 6.917706514037854845e-03 5.178805256023042694e-04
7.750000000000000000e+00 1.065861063508782569e-01 6.978443684134254428e-03 5.098010898022039151e-04
7.775000000000000355e+00 1.064379949216032462e-01 7.039063447839726158e-03 5.017969107838872109e-04
7.799999999999999822e+00 1.062916599523392458e-01 7.099812866390857978e-03 4.939676908857654767e-04
7.825000000000000178e+00 1.061470118596218593e-01 7.160903842525294903e-03 4.863966995926603289e-04
7.849999999999999645e+00 1.060039080311195037e-01 7.222521257618791726e-03 4.791921624830138352e-04
7.875000000000000000e+00 1.058621191945741946e-01 7.284845828347897949e-03 4.724325960547139471e-04
7.900000000000000355e+00 1.057212912102579172e-01 7.347798219510878227e-03 4.661404894545558030e-04
7.924999999999999822e+00 1.055809166648308678e-01 7.410851099361025901e-03 4.602569958075037096e-04
7.950000000000000178e+00 1.054403301271610027e-01 7.473114673208328812e-03 4.547217422797257482e-04
7.974999999999999645e+00 1.052987215771921947e-01 7.533358181171933773e-03 4.494600398697366859e-04
8.000000000000000000e+00 1.051551549634546917e-01 7.589994558380567559e-03 4.443851251782325747e-04
8.025000000000000355e+00 1.050086025028722364e-01 7.641226222833210312e-03 4.394524702359921872e-04
8.050000000000000711e+00 1.048579964979435286e-01 7.685425452589698427e-03 4.347275208630890287e-04
8.074999999999999289e+00 1.047022663024952671e-01 7.721495261655946137e-03 4.302643414020713530e-04
8.099999999999999645e+00 1.045403955105924931e-01 7.749004547520599480e-03 4.258838098374690046e-04
8.125000000000000000e+00 1.043715338912559742e-01 7.768599064991577388e-03 4.212368153955321987e-04
8.150000000000000355e+00 1.041950903310440435e-01 7.782450175080157621e-03 4.160323535885982241e-04
8.175000000000000711e+00 1.040107448509545035e-01 7.793546419983613145e-03 4.101814359008858300e-04
8.199999999999999289e+00 1.038183773458702525e-01 7.804366744203435069e-03 4.037882076569803465e-04
8.224999999999999645e+00 1.036179659237270179e-01 7.816322129045148379e-03 3.971195908571826562e-04
8.250000000000000000e+00 1.034094970335718289e-01 7.829954902794269977e-03 3.904867260099127257e-04
8.275000000000000355e+00 1.031929174999822868e-01 7.845160631157341996e-03 3.841767487041216115e-04
8.300000000000000711e+00 1.029681735524674846e-01 7.861488920374540279e-03 3.783622286372701751e-04
8.324999999999999289e+00 1.027353236236143857e-01 7.878351414379721959e-03 3.731174755496613482e-04
8.349999999999999645e+00 1.024946809170651230e-01 7.895098210632568378e-03 3.685290033867932142e-04
8.375000000000000000e+00 1.022469173006829851e-01 7.911166871650493829e-03 3.648654509096377232e-04
8.400000000000000355e+00 1.019929919043672251e-01 7.926257493898447234e-03 3.623704173052828739e-04
8.425000000000000711e+00 1.017340249054133894e-01 7.940496974028064814e-03 3.610539874826645544e-04
8.449999999999999289e+00 1.014712388222687861e-01 7.954391964471141732e-03 3.608731187321246084e-04
8.474999999999999645e+00 1.012058499869774031e-01 7.968588594834728756e-03 3.617414906690100932e-04
8.500000000000000000e+00 1.009389152881456503e-01 7.983737296555772425e-03 3.634241003919306038e-04
8.525000000000000355e+00 1.006712537035462512e-01 8.000501612077642183e-03 3.655926185059797553e-04
8.550000000000000711e+00 1.004034781035501450e-01 8.019516273147019730e-03 3.679224515538226728e-04
8.574999999999999289e+00 1.001360813978593861e-01 8.041288695312686502e-03 3.700990594531321774e-04
8.599999999999999645e+00 9.986949993709567930e-02 8.066126910169259256e-03 3.718082146599772410e-04
8.625000000000000000e+00 9.960412590251072062e-02 8.094123147755453648e-03 3.727827664263168306e-04
8.650000000000000355e+00 9.934029236086644454e-02 8.125223733921303065e-03 3.728717080166825426e-04
8.675000000000000711e+00 9.907824342107633686e-02 8.159388490093988019e-03 3.720662047076621695e-04
8.699999999999999289e+00 9.881806175113888591e-02 8.196784332765674752e-03 3.704971216170815994e-04
8.724999999999999645e+00 9.855955382653046326e-02 8.237832649931078194e-03 3.681497444275737448e-04
8.750000000000000000e+00 9.830233921917387596e-02 8.282982609656756867e-03 3.645663865733513248e-04
8.775000000000000355e+00 9.804621079558273333e-02 8.332444131505327076e-03 3.597330019335640873e-04
8.800000000000000711e+00 9.779107764399377900e-02 8.386185619485331949e-03 3.541130688431439431e-04
8.824999999999999289e+00 9.753661778799724291e-02 8.443955492919485994e-03 3.479939585123793312e-04
8.849999999999999645e+00 9.728223897040588763e-02 8.505169570620637470e-03 3.414892442147538843e-04
8.875000000000000000e+00 9.702731556640938060e-02 8.568926504303818470e-03 3.345861690112360482e-04
8.900000000000000355e+00 9.677151901563629810e-02 8.634201095010212573e-03 3.273062404962547738e-04
8.925000000000000711e+00 9.651503732838900840e-02 8.700063135387608310e-03 3.197844406400690695e-04
8.949999999999999289e+00 9.625858217807253814e-02 8.765814778766070972e-03 3.122151728249445866e-04
8.974999999999999645e+00 9.600323132995981779e-02 8.830973683536285507e-03 3.047749630720500121e-04
9.000000000000000000e+00 9.575022057525348074e-02 8.895052615887834302e-03 2.976087468074547311e-04
9.025000000000000355e+00 9.550075746857328296e-02 8.957400093138858516e-03 2.908800269763014892e-04
9.050000000000000711e+00 9.525585600509076101e-02 9.017344966683594337e-03 2.847358869185700439e-04
9.074999999999999289e+00 9.501620729595888770e-02 9.074371050046466450e-03 2.792906502572441185e-04
9.099999999999999645e+00 9.478209505904233723e-02 9.128074935411858992e-03 2.746721406064898865e-04
9.125000000000000000e+00 9.455333814637269241e-02 9.178084094586666172e-03 2.709591770917177335e-04
9.150000000000000355e+00 9.432928417844231583e-02 9.224141456776123807e-03 2.681419138676574446e-04
9.175000000000000711e+00 9.410886697296519388e-02 9.266224937142396659e-03 2.660676636167772923e-04
9.199999999999999289e+00 9.389077057557879136e-02 9.304483063417136671e-03 2.644448474716773793e-04
9.224999999999999645e+00 9.367369949719868416e-02 9.339095911862388064e-03 2.630283363805938470e-04
9.250000000000000000e+00 9.345663612530333286e-02 9.370254794288485414e-03 2.617154000517621002e-04
9.275000000000000355e+00 9.323901860046898693e-02 9.398252507067808917e-03 2.604961131932213782e-04
9.300000000000000711e+00 9.302083698534406586e-02 9.423563269825536298e-03 2.594198448514361969e-04
9.324999999999999289e+00 9.280260475267423925e-02 9.446809539607784259e-03 2.586474690672912265e-04
9.349999999999999645e+00 9.258513382726814289e-02 9.468592471028387803e-03 2.584143490684800634e-04
9.375000000000000000e+00 9.236916688039199796e-02 9.489275215011729048e-03 2.588618213841255246e-04
9.400000000000000355e+00 9.215506316197570602e-02 9.508878699758497796e-03 2.600019921152125135e-04
9.425000000000000711e+00 9.194264721712097632e-02 9.527169381464773226e-03 2.617913004868023660e-04
9.449999999999999289e+00 9.173118999969447074e-02 9.543842640887305329e-03 2.640560925250611066e-04
9.474999999999999645e+00 9.151953022560337103e-02 9.558542686114378586e-03 2.663164246522501072e-04
9.500000000000000000e+00 9.130638670570916104e-02 9.570691524771973366e-03 2.678854462321032847e-04
9.525000000000000355e+00 9.109072205160045899e-02 9.579499269078951829e-03 2.682213189615140670e-04
9.550000000000000711e+00 9.087192989717005065e-02 9.584078694912023105e-03 2.673379758967348746e-04
9.574999999999999289e+00 9.064980046993587059e-02 9.583903879160061978e-03 2.656886569167545898e-04
9.599999999999999645e+00 9.042442342978902758e-02 9.579460684682999244e-03 2.633769622690306325e-04
9.625000000000000000e+00 9.019621831681579049e-02 9.571848040817712913e-03 2.599974674353870935e-04
9.650000000000000355e+00 8.996601177940610761e-02 9.562133403065671555e-03 2.553791110531892909e-04
9.675000000000000711e+00 8.973487966335379207e-02 9.551659227508935840e-03 2.500759601680329117e-04
9.699999999999999289e+00 8.950363435513572496e-02 9.541870000080962186e-03 2.449295117001748122e-04
9.724999999999999645e+00 8.927231912972638517e-02 9.533674022379272708e-03 2.403302888016332949e-04
9.750000000000000000e+00 8.904015335175208268e-02 9.527421736798715249e-03 2.361921954633726514e-04
9.775000000000000355e+00 8.880580091732553916e-02 9.522925655583094548e-03 2.325227498888125387e-04
9.800000000000000711e+00 8.856757559126708645e-02 9.519602608401327853e-03 2.291601347534742835e-04
9.824999999999999289e+00 8.832373988179023638e-02 9.516752399911638377e-03 2.254756835814623688e-04
9.849999999999999645e+00 8.807314456019084414e-02 9.514105897447734314e-03 2.210190121002960858e-04
9.875000000000000000e+00 8.781588836902519402e-02 9.512103909059078932e-03 2.160233346368477204e-04
9.900000000000000355e+00 8.755357124899747212e-02 9.511612627946306950e-03 2.113092321054136843e-04
9.925000000000000711e+00 8.728893728792899709e-02 9.513647332154505365e-03 2.077767787528864607e-04
9.949999999999999289e+00 8.702507105545373434e-02 9.519102598431345916e-03 2.058269241944071922e-04
9.974999999999999645e+00 8.676459356031845926e-02 9.528606401698199238e-03 2.053675530813052561e-04
1.000000000000000000e+01 8.650918653625995491e-02 9.542566826545225214e-03 2.058800493783200913e-04
1.002500000000000036e+01 8.625959618500200765e-02 9.560976804059463652e-03 2.065783213319082523e-04
1.005000000000000071e+01 8.601599708128487842e-02 9.582988279078562960e-03 2.067035269222105925e-04
1.007499999999999929e+01 8.577848252760013337e-02 9.607035437991726101e-03 2.058298250485677519e-04
1.009999999999999964e+01 8.554738484235713258e-02 9.631660280640061758e-03 2.039022676775493971e-04
1.012500000000000000e+01 8.532326880468754648e-02 9.655949342231906485e-03 2.012069150074967166e-04
1.015000000000000036e+01 8.510666734941770006e-02 9.679252394140348131e-03 1.980522383931384211e-04
1.017500000000000071e+01 8.489784261820605693e-02 9.700983866132446842e-03 1.947932593489531375e-04
1.019999999999999929e+01 8.469660630502039156e-02 9.720832534811051778e-03 1.918319135594356471e-04
1.022499999999999964e+01 8.450224081254564812e-02 9.738787508504175017e-03 1.891477900861355101e-04
1.025000000000000000e+01 8.431376286988379043e-02 9.754683639912400950e-03 1.864507874999981056e-04
1.027500000000000036e+01 8.413036914127879073e-02 9.767976458984776664e-03 1.836456381592870457e-04
1.030000000000000071e+01 8.395165367468726547e-02 9.778182899681268567e-03 1.810035956903448175e-04
1.032499999999999929e+01 8.377736420099390902e-02 9.785316059162140964e-03 1.789822305217967486e-04
1.034999999999999964e+01 8.360688582148868842e-02 9.789790147122404140e-03 1.776258835440967126e-04
1.037500000000000000e+01 8.343901395277353306e-02 9.792007593699964332e-03 1.764899994502775273e-04
1.040000000000000036e+01 8.327221966771175543e-02 9.792065107089001699e-03 1.750485621948610264e-04
1.042500000000000071e+01 8.310513453253079441e-02 9.789794507720215797e-03 1.730506066099769900e-04
1.044999999999999929e+01 8.293687615256058188e-02 9.785093287333438208e-03 1.706519745004334357e-04
1.047499999999999964e+01 8.276697868220507515e-02 9.778279416852456163e-03 1.683032254742283904e-04
1.050000000000000000e+01 8.259499319427414388e-02 9.770165242240181833e-03 1.663723802894673958e-04
1.052500000000000036e+01 8.242013509143143735e-02 9.761805306021414941e-03 1.649058236313430805e-04
1.055000000000000071e+01 8.224127898094010791e-02 9.754145709346630569e-03 1.637520235488045624e-04
1.057499999999999929e+01 8.205723034470574495e-02 9.747700113373867353e-03 1.628059216745896464e-04
1.059999999999999964e+01 8.186699598837876568e-02 9.742305229141493689e-03 1.620322953729191808e-04
1.062500000000000000e+01 8.166991546385689305e-02 9.737339724400953522e-03 1.612853554129833303e-04
1.065000000000000036e+01 8.146571288049453408e-02 9.732567421066051078e-03 1.601925302443123525e-04
1.067500000000000071e+01 8.125454268633620913e-02 9.728663748493999661e-03 1.583806034956796837e-04
1.069999999999999929e+01 8.103695663572288432e-02 9.726945786977012065e-03 1.557791034381080008e-04
1.072499999999999964e+01 8.081370673107449165e-02 9.728873570376890545e-03 1.526246926645399230e-04
1.075000000000000000e+01 8.058547031456837761e-02 9.735574410056868980e-03 1.492693886163033322e-04
1.077500000000000036e+01 8.035265670316293907e-02 9.747525224338460942e-03 1.460924619934667133e-04
1.080000000000000071e+01 8.011533523411490387e-02 9.764600052396417082e-03 1.434112206316785895e-04
1.082499999999999929e+01 7.987329106602118756e-02 9.786146298414679159e-03 1.412501403602073075e-04
1.084999999999999964e+01 7.962623373693786255e-02 9.811261773480510484e-03 1.393240182847512321e-04
1.087500000000000000e+01 7.937402303855634056e-02 9.839370098816288546e-03 1.373443654170841970e-04
1.090000000000000036e+01 7.911675673846621515e-02 9.870230866719793827e-03 1.352578305659699325e-04
1.092500000000000071e+01 7.885469796761171435e-02 9.903557530997204872e-03 1.333826545839838097e-04
1.094999999999999929e+01 7.858806646210141078e-02 9.938749169647053544e-03 1.321632164304173721e-04
1.097499999999999964e+01 7.831690153332893090e-02 9.974828731428716025e-03 1.317526145064039139e-04
1.100000000000000000e+01 7.804118098079924903e-02 1.001068547318573199e-02 1.320189931758795866e-04
1.102500000000000036e+01 7.776106175557942479e-02 1.004532851263502391e-02 1.327954091179708428e-04
1.105000000000000071e+01 7.747702308886218747e-02 1.007797208670672268e-02 1.337022514487034674e-04
1.107499999999999929e+01 7.718993449341506052e-02 1.010821959660825053e-02 1.342703235743829184e-04
1.109999999999999964e+01 7.690103564785094603e-02 1.013644813873543216e-02 1.342756181146978782e-04
1.112500000000000000e+01 7.661181042145472075e-02 1.016369354541529942e-02 1.338015860263112606e-04
1.115000000000000036e+01 7.632379025568952757e-02 1.019096798499958753e-02 1.331608838829561171e-04
1.117500000000000071e+01 7.603829499048879448e-02 1.021874440084502567e-02 1.326842782487074328e-04
1.119999999999999929e+01 7.575618003102717324e-02 1.024693599274905699e-02 1.324999943233706355e-04
1.122499999999999964e+01 7.547771956545766547e-02 1.027515769089222888e-02 1.324887225725251386e-04
1.125000000000000000e+01 7.520269857537932590e-02 1.030301840027095760e-02 1.324488382017443579e-04
1.127500000000000036e+01 7.493063154338160115e-02 1.033029201301542341e-02 1.322353051567188198e-04
1.130000000000000071e+01 7.466098286609630652e-02 1.035692213057336740e-02 1.316862918132392349e-04
1.132499999999999929e+01 7.439338319353992757e-02 1.038296465279563673e-02 1.306209871672763282e-04
1.134999999999999964e+01 7.412781865944853554e-02 1.040855259483214508e-02 1.290685331459826620e-04
1.137500000000000000e+01 7.386465554694877922e-02 1.043384466469433371e-02 1.273145134095830030e-04
1.140000000000000036e+01 7.360446727877716089e-02 1.045894514712563360e-02 1.257310781523119801e-04
1.142500000000000071e+01 7.334779231285210033e-02 1.048388852032803784e-02 1.245868350838281948e-04
1.144999999999999929e+01 7.309496796679450237e-02 1.050863651889085218e-02 1.239083942686556943e-04
1.147499999999999964e+01 7.284609357548178787e-02 1.053289651594241198e-02 1.234952019228512652e-04
1.150000000000000000e+01 7.260108290083007454e-02 1.055599077320221006e-02 1.230178607426205483e-04
1.152500000000000036e+01 7.235979126447346366e-02 1.057711770589230514e-02 1.221631185442674766e-04
1.155000000000000071e+01 7.212221925990888738e-02 1.059575998663058252e-02 1.208968813820683792e-04
1.157499999999999929e+01 7.188862203296739195e-02 1.061182606638613052e-02 1.196153569447051292e-04
1.159999999999999964e+01 7.165932134201284665e-02 1.062547112241008992e-02 1.188453479134477713e-04
1.162500000000000000e+01 7.143435697681270458e-02 1.063670789228490267e-02 1.188039645657408859e-04
1.165000000000000036e+01 7.121330842889146695e-02 1.064497630071127750e-02 1.192510077120823567e-04
1.167500000000000071e+01 7.099542997754179630e-02 1.064932327235146824e-02 1.196271128747321288e-04
1.169999999999999929e+01 7.077997083406661893e-02 1.064929059822316074e-02 1.194450413557206117e-04
1.172499999999999964e+01 7.056637353947153857e-02 1.064540769680024854e-02 1.186811603734531760e-04
1.175000000000000000e+01 7.035418512715259365e-02 1.063857736310456006e-02 1.176264909899327947e-04
1.177500000000000036e+01 7.014295220680069609e-02 1.062930575865175288e-02 1.164796107717120359e-04
1.180000000000000071e+01 6.993235381009289819e-02 1.061803621011495231e-02 1.153431801892293109e-04
1.182499999999999929e+01 6.972231973974267472e-02 1.060570786870812347e-02 1.145103580258001008e-04
1.184999999999999964e+01 6.951282223232556345e-02 1.059313535738328968e-02 1.142971472283534307e-04
1.187500000000000000e+01 6.930356516417814083e-02 1.058023908623727076e-02 1.145839238963526489e-04
1.190000000000000036e+01 6.909394835670246149e-02 1.056628685687610418e-02 1.148155779575608969e-04
1.192500000000000071e+01 6.888333346779691724e-02 1.055039957771077876e-02 1.144264163875050201e-04
1.194999999999999929e+01 6.867135480707511896e-02 1.053222915869992012e-02 1.132574801584269246e-04
1.197499999999999964e+01 6.845798432140146050e-02 1.051234792210743729e-02 1.115507992541097418e-04
1.200000000000000000e+01 6.824334454261697658e-02 1.049194368599273668e-02 1.097592495952994836e-04
1.202500000000000036e+01 6.802744832033058575e-02 1.047203832138620706e-02 1.083802724516135728e-04
1.205000000000000071e+01 6.781002276884391666e-02 1.045262677231221377e-02 1.076934440914919876e-04
1.207499999999999929e+01 6.759054879028117413e-02 1.043236711836652807e-02 1.074814329799119030e-04
1.209999999999999964e+01 6.736858990465989516e-02 1.040928792072372613e-02 1.073325638953974800e-04
1.212500000000000000e+01 6.714413110580062793e-02 1.038221076177433047e-02 1.071624609467107883e-04
1.215000000000000036e+01 6.691756574630271237e-02 1.035134008243767181e-02 1.070826305309310585e-04
1.217500000000000071e+01 6.668944214258808179e-02 1.031756114355084596e-02 1.070835866281413454e-04
1.219999999999999929e+01 6.646025738558965223e-02 1.028169460611388746e-02 1.071186531866260438e-04
1.222499999999999964e+01 6.623031381454784483e-02 1.024421889538643798e-02 1.072067851410247352e-04
1.225000000000000000e+01 6.599955773156834793e-02 1.020525345815985994e-02 1.073192024920717827e-04
1.227500000000000036e+01 6.576746377683011235e-02 1.016472703625186103e-02 1.073228316528548047e-04
1.230000000000000071e+01 6.553308725508395771e-02 1.012250904137181398e-02 1.071521776307054124e-04
1.232499999999999929e+01 6.529529338824795193e-02 1.007851823417877345e-02 1.069143060447822765e-04
1.234999999999999964e+01 6.505304305864265113e-02 1.003291370777878964e-02 1.067786214649095358e-04
1.237500000000000000e+01 6.480558795421384466e-02 9.985980440047569767e-03 1.068587898787518552e-04
1.240000000000000036e+01 6.455253447566647318e-02 9.937795180718239987e-03 1.071631103617983171e-04
1.242500000000000071e+01 6.429384997350862108e-02 9.888246193870145473e-03 1.075193600993952741e-04
1.244999999999999929e+01 6.402990732375765659e-02 9.837377296258636994e-03 1.075936847038974463e-04
1.247499999999999964e+01 6.376157953650690713e-02 9.785613580112113158e-03 1.071531585058255529e-04
1.250000000000000000e+01 6.349025588987861068e-02 9.733721329364926692e-03 1.062584661816072176e-04
1.252500000000000036e+01 6.321764980506849874e-02 9.682515696033077574e-03 1.051666183393535855e-04
1.255000000000000071e+01 6.294544906455558364e-02 9.632511003692343157e-03 1.041127325507841338e-04
1.257499999999999929e+01 6.267498876965837962e-02 9.583835838639061591e-03 1.031926197311986478e-04
1.259999999999999964e+01 6.240708098359173256e-02 9.536415655267773545e-03 1.023133995399985057e-04
1.262500000000000000e+01 6.214205580698325959e-02 9.490187452633108700e-03 1.012726372444012649e-04
1.265000000000000036e+01 6.187994978263741674e-02 9.445158975177036717e-03 9.995059584893169473e-05
1.267500000000000071e+01 6.162067994663957687e-02 9.401297677410184669e-03 9.843983858270804522e-05
1.269999999999999929e+01 6.136408765022642597e-02 9.358425128397357060e-03 9.697026357644063644e-05
1.272499999999999964e+01 6.110989242502255087e-02 9.316262195628951040e-03 9.571468593923783603e-05
1.275000000000000000e+01 6.085768703792709955e-02 9.274533020485250384e-03 9.466839592445467526e-05
1.277500000000000036e+01 6.060705784900347060e-02 9.233016520323872670e-03 9.367670761159388806e-05
1.280000000000000071e+01 6.035779340078588351e-02 9.191588991656318361e-03 9.260724559964728466e-05
1.282499999999999929e+01 6.011002209731377416e-02 9.150281841000832903e-03 9.150932163021934570e-05
1.284999999999999964e+01 5.986414608095073919e-02 9.109298309122096024e-03 9.059113569244801455e-05
1.287500000000000000e+01 5.962061026602750308e-02 9.068969036416092006e-03 9.006785901678086099e-05
1.290000000000000036e+01 5.937966365044703571e-02 9.029656063568836447e-03 9.002369374102273277e-05
1.292500000000000071e+01 5.914124095918377871e-02 8.991633718273078779e-03 9.039669014127867238e-05
1.294999999999999929e+01 5.890496932431123905e-02 8.955011654281405664e-03 9.103408224327723451e-05
1.297499999999999964e+01 5.867024266499792917e-02 8.919728510220010370e-03 9.173866462362639254e-05
1.300000000000000000e+01 5.843632957076188433e-02 8.885594966195640987e-03 9.230716739890339618e-05
1.302500000000000036e+01 5.820249669713666724e-02 8.852354856295277519e-03 9.258984290165243772e-05
1.305000000000000071e+01 5.796811249572783598e-02 8.819735724464407289e-03 9.256390679533070629e-05
1.307499999999999929e+01 5.773268293353030212e-02 8.787470709168701544e-03 9.230628524950589399e-05
1.309999999999999964e+01 5.749584613514598791e-02 8.755300007163896794e-03 9.186029330114251976e-05
1.312500000000000000e+01 5.725742189352167610e-02 8.722972429633955860e-03 9.119944653954007753e-05
1.315000000000000036e+01 5.701751792061841156e-02 8.690249826475338404e-03 9.032060396719316861e-05
1.317500000000000071e+01 5.677658844724065013e-02 8.656914300336210691e-03 8.930328073431155218e-05
1.319999999999999929e+01 5.653538578889565763e-02 8.622794396702375408e-03 8.826586817282077986e-05
1.322499999999999964e+01 5.629484339946647792e-02 8.587805917872174538e-03 8.733908758353208651e-05
1.325000000000000000e+01 5.605592102857772513e-02 8.551966963081213124e-03 8.667635199759388207e-05
1.327500000000000036e+01 5.581942767079453582e-02 8.515374117843747814e-03 8.638653060123033440e-05
1.330000000000000071e+01 5.558590606214711127e-02 8.478165136737516455e-03 8.645484607419347614e-05
1.332499999999999929e+01 5.535565733970142926e-02 8.440491141416714763e-03 8.675334970415860339e-05
1.334999999999999964e+01 5.512887651952914914e-02 8.402511867243446855e-03 8.716274301041266660e-05
1.337500000000000000e+01 5.490576039091683846e-02 8.364391012946725823e-03 8.767222835871507235e-05
1.340000000000000036e+01 5.468648649890674174e-02 8.326265780022368973e-03 8.833012985669484458e-05
1.342500000000000071e+01 5.447111768333706694e-02 8.288223083938646776e-03 8.912898678419877774e-05
1.344999999999999929e+01 5.425955340607324651e-02 8.250299396007904421e-03 8.995056383828342671e-05
1.347499999999999964e+01 5.405158375079045091e-02 8.212493737359181922e-03 9.060233180789509504e-05
1.350000000000000000e+01 5.384700664782431090e-02 8.174799581960542211e-03 9.093346435874991626e-05
1.352500000000000036e+01 5.364570911640766798e-02 8.137245276819159157e-03 9.092057517620560415e-05
1.355000000000000071e+01 5.344765487795229836e-02 8.099908946758660466e-03 9.064876034230110043e-05
1.357499999999999929e+01 5.325281158514554025e-02 8.062881411125998737e-03 9.026724238588940347e-05
1.359999999999999964e+01 5.306106724366545929e-02 8.026183773297817375e-03 8.991644711590198521e-05
1.362500000000000000e+01 5.287217470037285094e-02 7.989699785146513189e-03 8.964535019345930007e-05
1.365000000000000036e+01 5.268575318393996232e-02 7.953187677579990830e-03 8.940448191642644228e-05
1.367500000000000071e+01 5.250134858126984799e-02 7.916350071776833558e-03 8.910324868280441481e-05
1.369999999999999929e+01 5.231853388104355101e-02 7.878894405861501526e-03 8.867871728914907751e-05
1.372499999999999964e+01 5.213701360016129854e-02 7.840560023476429025e-03 8.814365869155153831e-05
1.375000000000000000e+01 5.195668160684872167e-02 7.801127800361427889e-03 8.761197557185368672e-05
1.377500000000000036e+01 5.177758610636228748e-02 7.760442543039971705e-03 8.724511169020842847e-05
1.380000000000000071e+01 5.159982373913517273e-02 7.718477480186265380e-03 8.710547783834045646e-05
1.382499999999999929e+01 5.142346656487788853e-02 7.675406994494551015e-03 8.708504624046327846e-05
1.384999999999999964e+01 5.124858951115748157e-02 7.631600290202186603e-03 8.698837574811476637e-05
1.387500000000000000e+01 5.107536003453424373e-02 7.587508761738717862e-03 8.667392288647534531e-05
1.390000000000000036e+01 5.090409921966493334e-02 7.543517251055164088e-03 8.614668185924530676e-05
1.392500000000000071e+01 5.073525016597704718e-02 7.499850466374482182e-03 8.554851845015947333e-05
1.394999999999999929e+01 5.056926675593713394e-02 7.456569510643020621e-03 8.503371544305992225e-05
1.397499999999999964e+01 5.040651267535285751e-02 7.413634384793112847e-03 8.468196665242430903e-05
1.400000000000000000e+01 5.024722531462320896e-02 7.370988315073191688e-03 8.453497910828446712e-05
1.402500000000000036e+01 5.009151065233163197e-02 7.328619059415359543e-03 8.463662300542637595e-05
1.405000000000000071e+01 4.993933589011431001e-02 7.286561270157108049e-03 8.502916448349425035e-05
1.407499999999999929e+01 4.979052018231013704e-02 7.244854823431523712e-03 8.574647297529737087e-05
1.409999999999999964e+01 4.964472518038237636e-02 7.203519783401861852e-03 8.677426552858378671e-05
1.412500000000000000e+01 4.950146886939182922e-02 7.162581241039879358e-03 8.799017466670193551e-05
1.415000000000000036e+01 4.936019875687779751e-02 7.122110680685728341e-03 8.917347826245530925e-05
1.417500000000000071e+01 4.922041212817421241e-02 7.082232708557421007e-03 9.009830694056292233e-05
1.419999999999999929e+01 4.908175919669447579e-02 7.043086652350757232e-03 9.064596010459353558e-05
1.422499999999999964e+01 4.894406282742275183e-02 7.004773836385719959e-03 9.085578602913301394e-05
1.425000000000000000e+01 4.880723788602044783e-02 6.967331088598439567e-03 9.086587401470750986e-05
1.427500000000000036e+01 4.867117102182237642e-02 6.930752542907430043e-03 9.077099701069528913e-05
1.430000000000000071e+01 4.853566629585111258e-02 6.895044506753766032e-03 9.056952188395370217e-05
1.432499999999999929e+01 4.840051380919758311e-02 6.860265404725942803e-03 9.015736135348561078e-05
1.434999999999999964e+01 4.826562416395172722e-02 6.826518856093025632e-03 8.948564469763369911e-05
1.437500000000000000e+01 4.813110074427677521e-02 6.793911899325757661e-03 8.866087598020385525e-05
1.440000000000000036e+01 4.799716321523301438e-02 6.762499836037751122e-03 8.790441936718707179e-05
1.442500000000000071e+01 4.786395783859771075e-02 6.732219240012636725e-03 8.741110145361744629e-05
1.444999999999999929e+01 4.773137582134222290e-02 6.702814286860666812e-03 8.729984403566050139e-05
1.447499999999999964e+01 4.759898979573044808e-02 6.673802645030809527e-03 8.749830340631887604e-05
1.450000000000000000e+01 4.746616105269640951e-02 6.644570806270348913e-03 8.779274355627421226e-05
1.452500000000000036e+01 4.733227055452298576e-02 6.614617554283177235e-03 8.793703116993128229e-05
1.455000000000000071e+01 4.719691855370765354e-02 6.583757257304386976e-03 8.779062822046398312e-05
1.457499999999999929e+01 4.705996397396083886e-02 6.552080373639183018e-03 8.734350381382683293e-05
1.459999999999999964e+01 4.692142254596110701e-02 6.519764679816580574e-03 8.664616876652871645e-05
1.462500000000000000e+01 4.678134538234444278e-02 6.486951784322445881e-03 8.575557083808236429e-05
1.465000000000000036e+01 4.663975943002151431e-02 6.453738179276115317e-03 8.474259926646481652e-05
1.467500000000000071e+01 4.649665371542796577e-02 6.420201199888105580e-03 8.370347833741108420e-05
1.469999999999999929e+01 4.635197011190466537e-02 6.386404657869571358e-03 8.272912321735930320e-05
1.472499999999999964e+01 4.620559825855307529e-02 6.352383057544648375e-03 8.186481621080020160e-05
1.475000000000000000e+01 4.605739486315287706e-02 6.318124215432908974e-03 8.110578761334181856e-05
1.477500000000000036e+01 4.590722848533187322e-02 6.283577497796796231e-03 8.041691276317578961e-05
1.480000000000000071e+01 4.575503691984340870e-02 6.248689973831642909e-03 7.975013051116548745e-05
1.482499999999999929e+01 4.560088357594795777e-02 6.213443593416013294e-03 7.906272028885724158e-05
1.484999999999999964e+01 4.544499383789953051e-02 6.177874720371618993e-03 7.832591557271372028e-05
1.487500000000000000e+01 4.528775494827422948e-02 6.142077264706312552e-03 7.753265917017416228e-05
1.490000000000000036e+01 4.512966830010991387e-02 6.106193166107550668e-03 7.670218773491796894e-05
1.492500000000000071e+01 4.497126068740617266e-02 6.070396907626855222e-03 7.586939612672721973e-05
1.494999999999999929e+01 4.481298474483191852e-02 6.034876223567698858e-03 7.506875046739878933e-05
1.497499999999999964e+01 4.465514830481261133e-02 5.999801655446935361e-03 7.428574457713693678e-05
1.500000000000000000e+01 4.449792667634319687e-02 5.965295999588124745e-03 7.342693197897461022e-05
1.502500000000000036e+01 4.434147400597576033e-02 5.931423214465758424e-03 7.239156871844898097e-05
1.505000000000000071e+01 4.418605392394820558e-02 5.898192774647032302e-03 7.118227410237160243e-05
1.507499999999999929e+01 4.403208218502113747e-02 5.865570771470811351e-03 6.993289780502527761e-05
1.509999999999999964e+01 4.388005225405795795e-02 5.833504403588449759e-03 6.884204521952779117e-05
1.512500000000000000e+01 4.373039908992359254e-02 5.801958235415805194e-03 6.805784680559008831e-05
1.515000000000000036e+01 4.358339295152108966e-02 5.770932078082114877e-03 6.758263713945780184e-05
1.517500000000000071e+01 4.343913200077367809e-02 5.740447797682282291e-03 6.726532898138248742e-05
1.519999999999999929e+01 4.329763373407768262e-02 5.710544911671604218e-03 6.687927967032010002e-05
1.522499999999999964e+01 4.315896195376990596e-02 5.681304209351947104e-03 6.625836294759210765e-05
1.525000000000000000e+01 4.302328589929966390e-02 5.652868505533842347e-03 6.538788208781625799e-05
1.527500000000000036e+01 4.289081659009680303e-02 5.625404968312069064e-03 6.437614495267916770e-05
1.530000000000000071e+01 4.276167231851722705e-02 5.599010003029251947e-03 6.337088626311015310e-05
1.532499999999999929e+01 4.263576950910501207e-02 5.573639813058980409e-03 6.248922734353983129e-05
1.534999999999999964e+01 4.251279844847740547e-02 5.549115973463631182e-03 6.178720877000887235e-05
1.537500000000000000e+01 4.239228090172400543e-02 5.525181124937808032e-03 6.124547139361675508e-05
1.540000000000000036e+01 4.227367874067276821e-02 5.501577180320600148e-03 6.081094426591880197e-05
1.542500000000000071e+01 4.215649277596967420e-02 5.478115852705377209e-03 6.045612414812057464e-05
1.544999999999999929e+01 4.204030331404647047e-02 5.454700145804963415e-03 6.017392815816129185e-05
1.547499999999999964e+01 4.192477050028974028e-02 5.431299955458962492e-03 5.992792401685438181e-05
1.550000000000000000e+01 4.180964690280379592e-02 5.407917812949017064e-03 5.963002510912338168e-05
1.552500000000000036e+01 4.169482242070371436e-02 5.384565636384650716e-03 5.918349742444843203e-05
1.555000000000000071e+01 4.158036413943627663e-02 5.361256836343818860e-03 5.855476163652929210e-05
1.557499999999999929e+01 4.146649579738732189e-02 5.338009171345765164e-03 5.781365845399705271e-05
1.559999999999999964e+01 4.135349475137190672e-02 5.314848611535125979e-03 5.711128510060371131e-05
1.562500000000000000e+01 4.124153832321753727e-02 5.291805735634261959e-03 5.659525228439451594e-05
1.565000000000000036e+01 4.113057760745286728e-02 5.268904055023448940e-03 5.631890380517143584e-05
1.567500000000000071e+01 4.102031052013626472e-02 5.246149679856171658e-03 5.621874273948196794e-05
1.569999999999999929e+01 4.091026034676469719e-02 5.223530388456128909e-03 5.616755276844196028e-05
1.572499999999999964e+01 4.079990207038353828e-02 5.201023186850943503e-03 5.605716568741626990e-05
1.575000000000000000e+01 4.068876158194616177e-02 5.178604602981795417e-03 5.585203454613656083e-05
1.577500000000000036e+01 4.057644792785868038e-02 5.156253899545117612e-03 5.558072506676398701e-05
1.580000000000000071e+01 4.046263166232966224e-02 5.133943673477915116e-03 5.532820919156802191e-05
1.582499999999999929e+01 4.034697335073724606e-02 5.111629548842756311e-03 5.523315866502526221e-05
1.584999999999999964e+01 4.022900594111997880e-02 5.089255303486425221e-03 5.539129074587253966e-05
1.587500000000000000e+01 4.010805771383457036e-02 5.066771994248847610e-03 5.577786437374743488e-05
1.590000000000000036e+01 3.998328751850640378e-02 5.044154429761692725e-03 5.624636660744727022e-05
1.592500000000000071e+01 3.985383038120344362e-02 5.021403785773873724e-03 5.656493717477860693e-05
1.594999999999999929e+01 3.971901632283116046e-02 4.998541681762436011e-03 5.647942936365143686e-05
1.597499999999999964e+01 3.957860467390855730e-02 4.975605976041697250e-03 5.579523444223013893e-05
1.600000000000000000e+01 3.943296703610103815e-02 4.952648778040747747e-03 5.444148603272333455e-05
1.602499999999999858e+01 3.928316483881789944e-02 4.929729012225289239e-03 5.252451438157004678e-05
1.605000000000000071e+01 3.913086659068940043e-02 4.906896583383058875e-03 5.034031012078776275e-05
1.607499999999999929e+01 3.897807032281998263e-02 4.884174803516361761e-03 4.830196578286268352e-05
1.610000000000000142e+01 3.882669312647776816e-02 4.861549165574979674e-03 4.671317330108286679e-05
1.612500000000000000e+01 3.867825542647624487e-02 4.838969766481750721e-03 4.564843383281549769e-05
1.614999999999999858e+01 3.853378564411541474e-02 4.816377698219730455e-03 4.510280893932941100e-05
1.617500000000000071e+01 3.839381184161175242e-02 4.793745172030321709e-03 4.507928919294499514e-05
1.619999999999999929e+01 3.825834933599690096e-02 4.771090898379043432e-03 4.555054159833526057e-05
1.622500000000000142e+01 3.812692306176759111e-02 4.748454635727830664e-03 4.643437929567153410e-05
1.625000000000000000e+01 3.799864934661891652e-02 4.725856886205292810e-03 4.760184406674671382e-05
1.627499999999999858e+01 3.787237153254682104e-02 4.703275398224650988e-03 4.885014465194399572e-05
1.630000000000000071e+01 3.774686859280336482e-02 4.680645709200325841e-03 4.994984825918073030e-05
1.632499999999999929e+01 3.762108822825830506e-02 4.657877060290775348e-03 5.074624778460565749e-05
1.635000000000000142e+01 3.749430552867706601e-02 4.634876943751442026e-03 5.120982961632398626e-05
1.637500000000000000e+01 3.736615567796398168e-02 4.611578439361618993e-03 5.140607532183639631e-05
1.639999999999999858e+01 3.723656787215732372e-02 4.587959422013227276e-03 5.142094248947250585e-05
1.642500000000000071e+01 3.710567201041849172e-02 4.564043675213906755e-03 5.130926184390409580e-05
1.644999999999999929e+01 3.697372979118954128e-02 4.539885725275235283e-03 5.109673332841338815e-05
1.647500000000000142e+01 3.684109210950554936e-02 4.515552970245335397e-03 5.080837759095447383e-05
1.650000000000000000e+01 3.670816018381155982e-02 4.491118311398168209e-03 5.048258814973814962e-05
1.652499999999999858e+01 3.657534087875392165e-02 4.466666088717465878e-03 5.015831718374829756e-05
1.655000000000000071e+01 3.644300855144392420e-02 4.442304109498218002e-03 4.985478058140143065e-05
1.657499999999999929e+01 3.631148762830999077e-02 4.418170843414555120e-03 4.956727534404490893e-05
1.660000000000000142e+01 3.618105286303907597e-02 4.394429135498648803e-03 4.927980708239192598e-05
1.662500000000000000e+01 3.605193105407524662e-02 4.371244558778562307e-03 4.897936568781734146e-05
1.664999999999999858e+01 3.592429124007467250e-02 4.348755695408908564e-03 4.866092961104004708e-05
1.667500000000000071e+01 3.579822536990977938e-02 4.327048206884500856e-03 4.831889377383049986e-05
1.669999999999999929e+01 3.567373943220591287e-02 4.306139921064459572e-03 4.793845456315466209e-05
1.672500000000000142e+01 3.555077434906270262e-02 4.285979883198887813e-03 4.750963159423554546e-05
1.675000000000000000e+01 3.542924587253946933e-02 4.266463285945792071e-03 4.705985008434799801e-05
1.677499999999999858e+01 3.530906422408297551e-02 4.247455240481212875e-03 4.667354371781402969e-05
1.680000000000000071e+01 3.519010486175538910e-02 4.228813427131535539e-03 4.646919927313865838e-05
1.682499999999999929e+01 3.507214758596383097e-02 4.210408684943831373e-03 4.653303045020585016e-05
1.685000000000000142e+01 3.495484222482191095e-02 4.192143376193416433e-03 4.684971004056569574e-05
1.687500000000000000e+01 3.483775616474449333e-02 4.173963085427385804e-03 4.729511481191730468e-05
1.689999999999999858e+01 3.472050107278628478e-02 4.155857511771319547e-03 4.770618958968407411e-05
1.692500000000000071e+01 3.460287040264811709e-02 4.137849577918678058e-03 4.796915905363130316e-05
1.694999999999999929e+01 3.448490664636483238e-02 4.119975783920381412e-03 4.806098770564130564e-05
1.697500000000000142e+01 3.436686522042146225e-02 4.102263881399267030e-03 4.802147206475638471e-05
1.700000000000000000e+01 3.424911222786176934e-02 4.084715547762607021e-03 4.789241221308475333e-05
1.702499999999999858e+01 3.413202725924784076e-02 4.067301755358494232e-03 4.768539720258558928e-05
1.705000000000000071e+01 3.401595286454539568e-02 4.049973970599966833e-03 4.740155145921016717e-05
1.707499999999999929e+01 3.390117571604205071e-02 4.032684980769408317e-03 4.706011105910875463e-05
1.710000000000000142e+01 3.378791143022244481e-02 4.015406318516761587e-03 4.665377732215711035e-05
1.712500000000000000e+01 3.367633444356033651e-02 3.998132191115291723e-03 4.605216282830952319e-05
1.714999999999999858e+01 3.356674090109299652e-02 3.980870876251719689e-03 4.504206650184642202e-05
1.717500000000000071e+01 3.345979570536874309e-02 3.963633564734482528e-03 4.359259521268541229e-05
1.719999999999999929e+01 3.335659040990285318e-02 3.946430517151748411e-03 4.204439594507857603e-05
1.722500000000000142e+01 3.325830886504845679e-02 3.929277299529349357e-03 4.085280589142348755e-05
1.725000000000000000e+01 3.316574747579870835e-02 3.912205412058392812e-03 4.024759244976303173e-05
1.727499999999999858e+01 3.307906647382769655e-02 3.895268299501185479e-03 4.022779247925063788e-05
1.730000000000000071e+01 3.299781071685720102e-02 3.878537570723710956e-03 4.063577688138321221e-05
1.732499999999999929e+01 3.292110458181705251e-02 3.862089439149713095e-03 4.120970156645489851e-05
1.735000000000000142e+01 3.284794406597502797e-02 3.845986047623591725e-03 4.169084901489987001e-05
1.737500000000000000e+01 3.277747360343346433e-02 3.830259959670365665e-03 4.192231431910477040e-05
1.739999999999999858e+01 3.270915109313791286e-02 3.814908424401073847e-03 4.187866049980948330e-05
1.742500000000000071e+01 3.264277261829702514e-02 3.799896868150972207e-03 4.165249389778182405e-05
1.744999999999999929e+01 3.257837212324374981e-02 3.785166346241748778e-03 4.141391995500453383e-05
1.747500000000000142e+01 3.251604204385075830e-02 3.770641080121277158e-03 4.133386607409192458e-05
1.750000000000000000e+01 3.245575596860144491e-02 3.756236245663604079e-03 4.150631504066405319e-05
1.752499999999999858e+01 3.239727050361689009e-02 3.741869831537769728e-03 4.191954850964248083e-05
1.755000000000000071e+01 3.234013192701386263e-02 3.727479210435557990e-03 4.247419208913197477e-05
1.757499999999999929e+01 3.228376478073187450e-02 3.713033451147930777e-03 4.303351828480663242e-05
1.760000000000000142e+01 3.222759004825493517e-02 3.698531997003737942e-03 4.348955292933533032e-05
1.762500000000000000e+01 3.217111339955590343e-02 3.683992404469609364e-03 4.379629094013216681e-05
1.764999999999999858e+01 3.211395896599860550e-02 3.669438115174125572e-03 4.395481393663795076e-05
1.767500000000000071e+01 3.205586619457462955e-02 3.654894843431247698e-03 4.398893276026501561e-05
1.769999999999999929e+01 3.199666992408456423e-02 3.640390891113929901e-03 4.393801877497753599e-05
1.772500000000000142e+01 3.193626514262287025e-02 3.625941869518283043e-03 4.385939211630465777e-05
1.775000000000000000e+01 3.187455596822547088e-02 3.611527455845498294e-03 4.382231716849491302e-05
1.777499999999999858e+01 3.181140325511805367e-02 3.597101215532165584e-03 4.388239212520421233e-05
1.780000000000000071e+01 3.174659605987835420e-02 3.582627009347197182e-03 4.404602271068870151e-05
1.782499999999999929e+01 3.167986951909260857e-02 3.568101385940826778e-03 4.425596718031010664e-05
1.785000000000000142e+01 3.161097074936842360e-02 3.553553808024298606e-03 4.442053250221215688e-05
1.787500000000000000e+01 3.153973962948657811e-02 3.539037502787687004e-03 4.446865211173280590e-05
1.789999999999999858e+01 3.146615554081508975e-02 3.524619944455480505e-03 4.438340670410252306e-05
1.792500000000000071e+01 3.139032806127797781e-02 3.510377124478691532e-03 4.419123282309738067e-05
1.794999999999999929e+01 3.131245229372289079e-02 3.496391061040049052e-03 4.392314159021043512e-05
1.797500000000000142e+01 3.123276907013496431e-02 3.482744784649549185e-03 4.359212498772831607e-05
1.800000000000000000e+01 3.115154773425310789e-02 3.469510988992260351e-03 4.322025586209929892e-05
1.802499999999999858e+01 3.106906282558338783e-02 3.456738992651662255e-03 4.288062173969956289e-05
1.805000000000000071e+01 3.098552489913999897e-02 3.444448607085359541e-03 4.268144055650191054e-05
1.807499999999999929e+01 3.090097972670337312e-02 3.432633753668051183e-03 4.268279035690648366e-05
1.810000000000000142e+01 3.081525109125068246e-02 3.421270161461143627e-03 4.284059772499313433e-05
1.812500000000000000e+01 3.072797833420336244e-02 3.410319619610527146e-03 4.304907758064655850e-05
1.814999999999999858e+01 3.063871215580729612e-02 3.399729005121480702e-03 4.321447760613227908e-05
1.817500000000000071e+01 3.054700354653177782e-02 3.389428913768642668e-03 4.326635654491838148e-05
1.819999999999999929e+01 3.045247695285361114e-02 3.379337824724643665e-03 4.311979228247946196e-05
1.822500000000000142e+01 3.035492460374953141e-02 3.369373552197794160e-03 4.265860041916312253e-05
1.825000000000000000e+01 3.025443960955599351e-02 3.359469426121359029e-03 4.176639611786959094e-05
1.827499999999999858e+01 3.015155521237757041e-02 3.349588305733777836e-03 4.039589400815748381e-05
1.830000000000000071e+01 3.004731384781189271e-02 3.339720191197556934e-03 3.865206574919284209e-05
1.832499999999999929e+01 2.994317865992197902e-02 3.329856253626348617e-03 3.681592872941109694e-05
1.835000000000000142e+01 2.984076209717895917e-02 3.319966568395466694e-03 3.525660708922805293e-05
1.837500000000000000e+01 2.974145407744217817e-02 3.310007480225612975e-03 3.428263897885335768e-05
1.839999999999999858e+01 2.964609626720193791e-02 3.299938615531573718e-03 3.403098162746027717e-05
1.842500000000000071e+01 2.955482258509145935e-02 3.289727658749325157e-03 3.445106196470442398e-05
1.844999999999999929e+01 2.946709907348267835e-02 3.279347160070756294e-03 3.534974335909646940e-05
1.847500000000000142e+01 2.938192795685026781e-02 3.268773478291404737e-03 3.644857518524077290e-05
1.850000000000000000e+01 2.929814743401948363e-02 3.257991736762778836e-03 3.746514338723500227e-05
1.852499999999999858e+01 2.921472826923709326e-02 3.247003645036602298e-03 3.819037576429400096e-05
1.855000000000000071e+01 2.913098310357890852e-02 3.235829957073292542e-03 3.852342176574893677e-05
1.857499999999999929e+01 2.904665712983114587e-02 3.224502292542456589e-03 3.847424824185145700e-05
1.860000000000000142e+01 2.896190314429113524e-02 3.213048927130876010e-03 3.815232435197685992e-05
1.862500000000000000e+01 2.887715732227079737e-02 3.201486690382443837e-03 3.773192190010013177e-05
1.864999999999999858e+01 2.879295364286517736e-02 3.189827248732035516e-03 3.737935502573964415e-05
1.867500000000000071e+01 2.870974653478479063e-02 3.178091396881063679e-03 3.717865398777939944e-05
1.869999999999999929e+01 2.862781100148567917e-02 3.166316187693882754e-03 3.710911711905646418e-05
1.872500000000000142e+01 2.854724469867069361e-02 3.154549679906631411e-03 3.707689926854800254e-05
1.875000000000000000e+01 2.846804655410814858e-02 3.142841329449583884e-03 3.696993948196177399e-05
1.877499999999999858e+01 2.839022045586025306e-02 3.131234776037308733e-03 3.671215601752192371e-05
1.880000000000000071e+01 2.831384970087092237e-02 3.119762770086526981e-03 3.630516446797264632e-05
1.882499999999999929e+01 2.823910030607366950e-02 3.108442737232690149e-03 3.583633786007704014e-05
1.885000000000000142e+01 2.816614670252893041e-02 3.097274174970516061e-03 3.542809408083121990e-05
1.887500000000000000e+01 2.809506866949377721e-02 3.086240989995712655e-03 3.516490196022641415e-05
1.889999999999999858e+01 2.802578534041531497e-02 3.075320220122375499e-03 3.507227885512838615e-05
1.892500000000000071e+01 2.795804220420541192e-02 3.064493018884968407e-03 3.514506877225358114e-05
1.894999999999999929e+01 2.789142415995011018e-02 3.053749880130635606e-03 3.535541066205769337e-05
1.897500000000000142e+01 2.782538981917314150e-02 3.043086135704652345e-03 3.563008477410767192e-05
1.900000000000000000e+01 2.775935043784556744e-02 3.032491929384559769e-03 3.586206922570272875e-05
1.902499999999999858e+01 2.769278258131816980e-02 3.021943986761471169e-03 3.597095553036342737e-05
1.905000000000000071e+01 2.762531429036753361e-02 3.011403128022356775e-03 3.593773388670524994e-05
1.907499999999999929e+01 2.755674822801956747e-02 3.000817167454806773e-03 3.576854381064185630e-05
1.910000000000000142e+01 2.748705638915998825e-02 2.990127361830673472e-03 3.546166848717985495e-05
1.912500000000000000e+01 2.741638329537818275e-02 2.979277116298908665e-03 3.502698927244637055e-05
1.914999999999999858e+01 2.734504194739274807e-02 2.968221882589569191e-03 3.450041017533658571e-05
1.917500000000000071e+01 2.727348325252532818e-02 2.956937916298192897e-03 3.391763139190880235e-05
1.919999999999999929e+01 2.720225528103764959e-02 2.945425702210923303e-03 3.329395516675140573e-05
1.922500000000000142e+01 2.713196852920809685e-02 2.933705114819168056e-03 3.264603692093805994e-05
1.925000000000000000e+01 2.706325194045202873e-02 2.921805606253474047e-03 3.202755934216839088e-05
1.927499999999999858e+01 2.699667583941482013e-02 2.909758647594571854e-03 3.153679902679141828e-05
1.930000000000000071e+01 2.693264394914731547e-02 2.897595561611524418e-03 3.128252238826098803e-05
1.932499999999999929e+01 2.687129204851807993e-02 2.885348587684711912e-03 3.132986991557118217e-05
1.935000000000000142e+01 2.681244306263979443e-02 2.873052644156996478e-03 3.167372335024993049e-05
1.937500000000000000e+01 2.675563560076989200e-02 2.860747005695884592e-03 3.225646283692913300e-05
1.939999999999999858e+01 2.670019962425576598e-02 2.848476040443347415e-03 3.298985018682287833e-05
1.942500000000000071e+01 2.664535286318277935e-02 2.836286281296633918e-03 3.376087794233171717e-05
1.944999999999999929e+01 2.659031048442702869e-02 2.824217888365819669e-03 3.445359461160842204e-05
1.947500000000000142e+01 2.653438792623346795e-02 2.812294390084570887e-03 3.499451133739057881e-05
1.950000000000000000e+01 2.647705766236176789e-02 2.800517657487216344e-03 3.537750715482980006e-05
1.952499999999999858e+01 2.641794083011336780e-02 2.788870426965877735e-03 3.564805295436235933e-05
1.955000000000000071e+01 2.635675022668438131e-02 2.777324499067617813e-03 3.586595917880185824e-05
1.957499999999999929e+01 2.629322334299795394e-02 2.765851360854139698e-03 3.605211152877745793e-05
1.960000000000000142e+01 2.622709894296713223e-02 2.754430653167219082e-03 3.616666512015217052e-05
1.962500000000000000e+01 2.615815714257769403e-02 2.743053572452481756e-03 3.615297285077394724e-05
1.964999999999999858e+01 2.608627706064144125e-02 2.731722473840636663e-03 3.600449498416128036e-05
1.967500000000000071e+01 2.601144716669805471e-02 2.720450298181822241e-03 3.577284397972835126e-05
1.969999999999999929e+01 2.593371998863294725e-02 2.709261864415748317e-03 3.551710472113336160e-05
1.972500000000000142e+01 2.585315584833733707e-02 2.698195031537761572e-03 3.527016221210214837e-05
1.975000000000000000e+01 2.576978934740182040e-02 2.687297476470848837e-03 3.503213939898705635e-05
1.977499999999999858e+01 2.568362922377418617e-02 2.676617308495042504e-03 3.476647606461483870e-05
1.980000000000000071e+01 2.559469718621112250e-02 2.666190394459408853e-03 3.440495298666064548e-05
1.982499999999999929e+01 2.550310049906838808e-02 2.656028338427859469e-03 3.387495549547747935e-05
1.985000000000000142e+01 2.540911303437315069e-02 2.646110126936400755e-03 3.312715231327456524e-05
1.987500000000000000e+01 2.531323724024696353e-02 2.636382199807849134e-03 3.215245727064757560e-05
1.989999999999999858e+01 2.521622666609473623e-02 2.626771178679336918e-03 3.099334810899018048e-05
1.992500000000000071e+01 2.511905493232188813e-02 2.617205557630222865e-03 2.973691440845141479e-05
1.994999999999999929e+01 2.502283678073435880e-02 2.607635080770706170e-03 2.848425423577282553e-05
1.997500000000000142e+01 2.492873023932334203e-02 2.598038278109743131e-03 2.732193142051983189e-05
2.000000000000000000e+01 2.483784772419603618e-02 2.588417335860140455e-03 2.631641670377575710e-05
